[start]
[properties]
metal = True
name = Zn paddlewheel
index = 1
[coordinates]
default:
    O       -1.398  -1.096   1.417
    O       -1.398   1.096  -1.417
    O       -1.398  -1.096  -1.417
    O       -1.398   1.096   1.417
    C       -1.761   0.000   1.837
    C       -1.761   0.000  -1.837
    O        1.398   1.096   1.417
    O        1.398  -1.096  -1.417
    O        1.398   1.096  -1.417
    O        1.398  -1.096   1.417
    Zn       0.000  -1.474   0.000
    Zn       0.000   1.473   0.000
    C        1.761   0.000   1.837
    C        1.761   0.000  -1.837
    C        0.000   0.000   0.000
[connectivity]
pts:
    1       -2.282   0.000   2.392      -0.686   0.000   0.728       0.018   0.999   0.017
    1       -2.282   0.000  -2.392      -0.686   0.000  -0.728       0.018   0.999  -0.017
    1        2.282   0.000  -2.392       0.686   0.000  -0.728      -0.018   0.999  -0.017
    1        2.282   0.000   2.392       0.686   0.000   0.728      -0.018   0.999   0.017
metalcoord:
    1        0.000   2.473  -0.000       0.000   0.740   0.000       0.736   0.000  -0.076
    1        0.000  -2.474  -0.000       0.000  -0.740   0.000      -0.736   0.000   0.076
[end]
[start]
[properties]
name = Barium phosphonate pillar
metal = True
index = 2
[coordinates]
default:
    P       2.668  -1.435  -0.797
    O       2.542  -1.872   0.645
    O       1.481  -0.657  -1.274
    O       0.437  -3.020   2.927
    O       2.341  -4.178   1.700
    O       4.006  -0.626  -0.998
    O       0.708  -5.542   2.838
    H      -1.179  -5.151   3.265
    C      -1.037  -7.149   3.308
    H      -1.777  -7.102   2.698
    H      -0.347  -7.699   2.932
    P      -2.668  -1.435   3.356
    P      -1.379  -4.127  -0.360
    O      -2.542  -1.872   1.914
    O      -0.437  -3.020  -0.368
    O      -2.341  -4.178   0.860
    O      -4.006  -0.626   3.557
    O      -0.708  -5.542  -0.279
    C       0.513  -5.801  -0.982
    H       1.179  -5.151  -0.706
    H       0.361  -5.683  -1.933
    C       1.037  -7.149  -0.749
    H       1.777  -7.102  -0.139
    H       0.347  -7.699  -0.373
    C      -4.107  -0.721  -0.973
    H      -4.018  -0.779  -1.937
    H      -3.387  -1.237  -0.574
    C      -5.426  -1.299  -0.553
    H      -6.108  -1.007  -1.163
    H      -5.375  -2.256  -0.567
    H      -5.639  -0.998   0.333
   Ba      -0.000  -0.932   1.280
    C       4.107   0.722  -0.592
    H       4.018   0.780   0.372
    H       3.387   1.237  -0.991
    C       5.426   1.299  -1.012
    H       6.108   1.007  -0.402
    H       5.375   2.257  -0.998
    H       5.639   0.999  -1.897
    C      -4.107   0.722   3.151
    H      -4.018   0.780   2.187
    H      -3.387   1.237   3.550
    C      -5.426   1.299   3.571
    H      -6.108   1.007   2.961
    H      -5.375   2.257   3.557
    H      -5.639   0.999   4.457
    P      -2.668   1.435  -0.768
    O      -2.542   1.873  -2.210
    O      -1.481   0.657  -0.291
    O      -0.437   3.020  -4.492
    O      -4.006   0.627  -0.567
    P       1.379   4.128  -1.205
    O       1.481   0.657   2.850
    O       0.437   3.020  -1.197
    O       2.341   4.179  -2.424
    O       0.708   5.542  -1.286
   Ba      -0.000   0.932  -2.844
    P       1.379  -4.127   2.919
    C      -0.513  -5.801   3.541
    H      -0.361  -5.683   4.492
    H      -1.331  -7.525   4.140
    O      -1.481  -0.657   3.833
    C       4.107  -0.721   3.532
    H       4.018  -0.779   4.496
    H       3.387  -1.237   3.133
    C       5.426  -1.299   3.112
    H       6.108  -1.007   3.722
    H       5.375  -2.256   3.126
    H       5.639  -0.998   2.227
    P       2.668   1.435   3.327
    O       2.542   1.873   4.769
    O       4.006   0.627   3.126
    H       1.331  -7.525  -1.581
    C      -0.513   5.801  -0.583
    H      -1.179   5.151  -0.859
    H      -0.361   5.683   0.368
    C      -1.037   7.150  -0.816
    H      -1.777   7.102  -1.426
    H      -1.331   7.525   0.016
    H      -0.347   7.699  -1.192
    P      -1.361   4.127  -4.484
    C       0.530   5.801  -5.106
    H       0.378   5.683  -6.057
    O      -2.323   4.179  -3.264
    O      -0.691   5.542  -4.403
    H       1.197   5.151  -4.830
    H       1.271   7.541  -5.706
    C       0.977   7.165  -4.874
    H       1.718   7.118  -4.264
    H       0.288   7.715  -4.498
[connectivity]
intermetal:
    3      -0.741   0.138  -3.630      -0.552  -0.593  -0.586       0.407  -0.806   0.432
    2      -0.741   0.138   4.618       0.553   0.592   0.586       0.407  -0.806   0.432
default:
    1      -2.374   3.121  -6.883      -0.664   0.715  -0.225      -0.287  -0.516  -0.822
    1       2.370   3.136   1.194       0.667   0.712   0.225       0.273  -0.508   0.832
    1       2.346  -3.171  -2.930       0.666  -0.712   0.225       0.286   0.521   0.805
    1      -2.362  -3.122   5.489      -0.666  -0.712  -0.224      -0.265   0.506  -0.821
[end]
[start]
[properties]
name = Copper paddlewheel
metal = True
index = 3
[coordinates]
default:
    O       1.755  -0.181  -1.376
    O      -1.755   0.181  -1.376
    O      -0.181   1.755   1.376
    O       0.181  -1.755   1.376
    O      -1.755   0.181   1.376
    O       1.755  -0.181   1.376
    O       0.181  -1.755  -1.376
    O      -0.181   1.755  -1.376
   Cu       0.929   0.929   0.000
   Cu      -0.929  -0.929   0.000
    C       1.233  -1.233  -1.810
    C      -1.233   1.233  -1.810
    C      -1.233   1.233   1.810
    C       1.233  -1.233   1.810
[connectivity]
nbo:
    1       1.565  -1.565   2.393       0.443  -0.443   0.779      -0.723  -0.691   0.018
    1      -1.565   1.565   2.393      -0.443   0.443   0.779       0.723   0.691   0.018
    1      -1.565   1.565  -2.393      -0.443   0.443  -0.779      -0.691  -0.723  -0.018
    1       1.565  -1.565  -2.393       0.443  -0.443  -0.779       0.691   0.723  -0.018
[end]
[start]
[properties]
name = tetrahedral benzene linker (look up real name)
metal = False
index = 4
[coordinates]
default:
    C       1.655  -1.188  -1.462
    C       2.655  -1.183  -2.519
    H       3.010  -2.009  -2.863
    C      -1.655   1.189  -1.462
    C      -2.655   1.183  -2.519
    H      -3.010   2.009  -2.863
    C       1.188  -1.655   1.462
    C       1.183  -2.655   2.519
    H       2.009  -3.010   2.863
    C      -1.189   1.655   1.462
    C      -1.183   2.655   2.519
    H      -2.009   3.010   2.863
    C       1.188   1.655   1.462
    C       1.183   2.655   2.519
    H       2.009   3.010   2.863
    C      -1.189  -1.655   1.462
    C      -1.183  -2.655   2.519
    H      -2.009  -3.010   2.863
    C       1.655   1.189  -1.462
    C       2.655   1.183  -2.519
    H       3.010   2.009  -2.863
    C      -1.655  -1.188  -1.462
    C      -2.655  -1.183  -2.519
    H      -3.010  -2.009  -2.863
    C       0.000  -0.000   0.000
    C       1.214  -0.000  -0.957
    C       3.057  -0.000  -2.989
    C      -1.215  -0.000  -0.957
    C      -3.057  -0.000  -2.989
    C       0.000  -1.214   0.957
    C       0.000  -3.057   2.989
    C       0.000   1.215   0.957
    C       0.000   3.057   2.989
    H       1.304  -2.017  -1.120
    H      -1.305   2.018  -1.120
    H       2.017  -1.304   1.120
    H      -2.018   1.305   1.120
    H       2.017   1.305   1.120
    H      -2.018  -1.304   1.120
    H       1.304   2.018  -1.120
    H      -1.305  -2.017  -1.120
[connectivity]
pts:
    1       3.579  -0.000  -3.543       0.685   0.000  -0.728       0.018   1.000   0.017
    2      -3.579  -0.000  -3.543      -0.685   0.000  -0.728      -0.018   1.000   0.017
    3       0.000  -3.579   3.543       0.000  -0.685   0.728      -1.000  -0.018  -0.017
    4       0.000   3.579   3.543       0.000   0.685   0.728      -1.000   0.018  -0.017
[end]
[start]
[properties]
name = 1,3-benzene dicarboxylate
metal = False
index = 5
[coordinates]
default:
    C      -0.739   1.189  -0.007
    H      -1.309   2.106  -0.012
    C       0.614   1.208   0.352
    H       1.088   2.140   0.623
    C       1.353   0.019   0.358
    C       0.739  -1.189   0.007
    H       1.309  -2.106   0.012
    C      -0.614  -1.208  -0.351
    H      -1.088  -2.140  -0.623
    C      -1.353  -0.019  -0.358
metallic:
    C      -0.739   1.189  -0.007
    H      -1.309   2.106  -0.012
    C       0.614   1.208   0.352
    H       1.088   2.140   0.623
    N       1.353   0.019   0.358
    C       0.739  -1.189   0.007
    H       1.309  -2.106   0.012
    C      -0.614  -1.208  -0.351
    H      -1.088  -2.140  -0.623
    N      -1.353  -0.019  -0.358
[connectivity]
nbo:
    2      -2.077  -0.029  -0.550      -0.973  -0.017  -0.234      -0.045   0.992   0.117
    1       2.077   0.029   0.550       0.947   0.003   0.323       0.319   0.151  -0.935
pcu:
    2      -2.077  -0.029  -0.550      -0.967  -0.013  -0.256      -0.052   0.988   0.141
    1       2.077   0.029   0.550       0.967   0.013   0.256       0.251   0.150  -0.956
metallic:
    1      -2.320  -0.033  -0.615      -0.966  -0.013  -0.256      -0.051   0.989   0.143
    1       2.320   0.033   0.614       0.966   0.013   0.257       0.051  -0.989  -0.142
[end]
[start]
[properties]
name = cycloboxane (look up real name)
metal = False
index = 6
[coordinates]
default:
    C       0.339   1.261  -0.177
    C      -1.047   0.788   0.292
    C      -1.029  -0.302  -0.807
    C      -0.361  -0.189   1.279
    C       0.361   0.189  -1.280
    C       1.029   0.303   0.807
    C       1.047  -0.787  -0.293
    C      -0.338  -1.261   0.177
    H       0.669   0.362  -2.364
    H      -0.671  -0.363   2.362
    H       1.903   0.574   1.487
    H       1.930  -1.465  -0.540
    H      -1.903  -0.572  -1.487
    H      -1.929   1.468   0.537
[connectivity]
nbo:
    1      -0.535  -2.038   0.309      -0.242  -0.959   0.150      -0.741   0.283   0.608
    2       0.570   2.076  -0.259       0.302   0.951  -0.077      -0.619   0.134  -0.773
[end]
