[start]
[properties]
name = Zn oxide octahedral cluster
index = 1
metal = True
[coordinates]
default:
   Zn      -1.121  -1.121  -1.120
   Zn      -1.120   1.121   1.121
   Zn       1.121  -1.121   1.121
   Zn       1.121   1.120  -1.121
    O       0.000   0.000   0.000
    O      -2.997  -0.823  -0.822
    O      -0.822   0.825   2.997
    O       0.823  -2.996   0.824
    O      -2.996   0.825   0.824
    O      -0.825  -2.996  -0.822
    O       0.824  -0.822   2.997
    O       2.997  -0.824   0.823
    O       0.823   0.822  -2.997
    O       2.997   0.822  -0.824
    O      -0.824  -0.824  -2.996
    O      -0.822   2.997   0.823
    O       0.824   2.996  -0.825
    C       3.483  -0.001  -0.001
    C       0.001   3.483  -0.001
    C      -0.001  -0.001  -3.496
    C      -3.496   0.001   0.001
    C      -0.001  -3.496   0.001
    C       0.000   0.000   3.483
[connectivity]
pcu:
    1       4.228  -0.001  -0.001       1.000   0.000  -0.001       0.000  -0.708   0.706
    1       0.000   4.228  -0.002       0.001   1.000  -0.001      -0.707  -0.001  -0.707
    1      -0.001  -0.002  -4.241       0.000   0.000  -1.000       0.707  -0.707   0.000
    1      -4.241   0.001   0.002      -1.000   0.000   0.000      -0.001   0.708  -0.706
    1      -0.001  -4.241   0.002      -0.001  -1.000   0.000       0.707   0.000   0.707
    1      -0.001  -0.001   4.228      -0.001  -0.002   1.000      -0.707   0.707   0.001
[end]
[start]
[properties]
name = Cu paddlewheel
index = 2
metal = True
[coordinates]
default:
    O       1.755  -0.181  -1.376
    O      -1.755   0.181  -1.376
    O      -0.181   1.755   1.376
    O       0.181  -1.755   1.376
    O      -1.755   0.181   1.376
    O       1.755  -0.181   1.376
    O       0.181  -1.755  -1.376
    O      -0.181   1.755  -1.376
   Cu       0.929   0.929   0.000
   Cu      -0.929  -0.929   0.000
    C       1.233  -1.233  -1.810
    C      -1.233   1.233  -1.810
    C      -1.233   1.233   1.810
    C       1.233  -1.233   1.810
[connectivity]
pcu:
    1       1.565  -1.565   2.393       0.443  -0.443   0.779      -0.723  -0.691   0.018
    1      -1.565   1.565   2.393      -0.443   0.443   0.779       0.723   0.691   0.018
    1      -1.565   1.565  -2.393      -0.443   0.443  -0.779      -0.691  -0.723  -0.018
    1       1.565  -1.565  -2.393       0.443  -0.443  -0.779       0.691   0.723  -0.018
metallic:
    1       1.649   1.624   0.000       0.527   0.519   0.000       0.517  -0.526  -0.061
    1      -1.649  -1.624  -0.000      -0.527  -0.519   0.000      -0.517   0.526   0.061
pts:
    1      -1.627   1.682   2.390      -0.492   0.489   0.720       0.719   0.695   0.019
    1      -1.578   1.644  -2.393      -0.478   0.478  -0.737       0.719   0.695  -0.015
    1       1.655  -1.578  -2.334       0.493  -0.490  -0.720       0.693   0.721  -0.016
    1       1.606  -1.540   2.449       0.478  -0.478   0.737       0.693   0.721   0.018
tbo:
    1       1.565  -1.565   2.393       0.443  -0.443   0.779      -0.723  -0.691   0.018
    1      -1.565   1.565   2.393      -0.443   0.443   0.779       0.723   0.691   0.018
    1      -1.565   1.565  -2.393      -0.443   0.443  -0.779      -0.691  -0.723  -0.018
    1       1.565  -1.565  -2.393       0.443  -0.443  -0.779       0.691   0.723  -0.018
nbo:
    1       1.565  -1.565   2.393       0.443  -0.443   0.779      -0.723  -0.691   0.018
    1      -1.565   1.565   2.393      -0.443   0.443   0.779       0.723   0.691   0.018
    1      -1.565   1.565  -2.393      -0.443   0.443  -0.779      -0.691  -0.723  -0.018
    1       1.565  -1.565  -2.393       0.443  -0.443  -0.779       0.691   0.723  -0.018
fof:
    2       1.615  -1.494   2.400       0.342  -0.320   0.579       0.501   0.544   0.005
    2      -1.588   1.550   2.383      -0.340   0.328   0.575       0.518   0.528   0.004
    1      -1.615   1.494  -2.400      -0.342   0.320  -0.579      -0.501  -0.544  -0.005
    1       1.588  -1.550  -2.383       0.340  -0.328  -0.575      -0.518  -0.528  -0.004
[end]
[start]
[properties]
name = Cu paddlewheel conglomerate
index = 2
metal = True
[coordinates]
default:
    O      -1.390  -4.852   6.799
    O      -1.387  -6.395   8.380
    C      -1.828  -5.286   7.977
    C      -2.946  -4.665   8.509
    C      -3.423  -5.138   9.734
    H      -3.021  -5.900  10.136
    O      -1.390   4.858  -6.775
    O      -1.387   6.401  -8.356
    C      -1.828   5.292  -7.953
    C      -2.946   4.671  -8.485
    C      -3.423   5.144  -9.710
    H      -3.021   5.906 -10.112
    O      -6.778  -1.396   4.867
    O      -8.359  -1.393   6.410
    C      -7.956  -1.834   5.301
    C      -8.488  -2.952   4.680
    C      -9.713  -3.429   5.153
    H     -10.115  -3.027   5.915
    O      -6.778   1.402  -4.843
    O      -8.359   1.399  -6.386
    C      -7.956   1.840  -5.277
    C      -8.488   2.958  -4.656
    C      -9.713   3.435  -5.129
    H     -10.115   3.033  -5.891
    O      -4.846   6.790  -1.387
    O      -6.389   8.371  -1.384
    C      -5.280   7.968  -1.825
    C      -4.659   8.500  -2.943
    C      -5.132   9.725  -3.420
    H      -5.894  10.127  -3.018
    O      -4.846  -6.784   1.411
    O      -6.389  -8.365   1.408
    C      -5.280  -7.962   1.849
    C      -4.659  -8.494   2.967
    C      -5.132  -9.719   3.444
    H      -5.894 -10.121   3.042
    O      -4.846  -1.396  -6.775
    O      -6.389  -1.393  -8.356
    C      -5.280  -1.834  -7.953
    C      -4.659  -2.952  -8.485
    C      -5.132  -3.429  -9.710
    H      -5.894  -3.027 -10.112
    O      -4.846   1.402   6.799
    O      -6.389   1.399   8.380
    C      -5.280   1.840   7.977
    C      -4.659   2.958   8.509
    C      -5.132   3.435   9.734
    H      -5.894   3.033  10.136
    O      -1.390   6.790   4.867
    O      -1.387   8.371   6.410
    C      -1.828   7.968   5.301
    C      -2.946   8.500   4.680
    C      -3.423   9.725   5.153
    H      -3.021  10.127   5.915
    O      -1.390  -6.784  -4.843
    O      -1.387  -8.365  -6.386
    C      -1.828  -7.962  -5.277
    C      -2.946  -8.494  -4.656
    C      -3.423  -9.719  -5.129
    H      -3.021 -10.121  -5.891
    O      -6.778   4.858   1.411
    O      -8.359   6.401   1.408
    C      -7.956   5.292   1.849
    C      -8.488   4.671   2.967
    C      -9.713   5.144   3.444
    H     -10.115   5.906   3.042
    O      -6.778  -4.852  -1.387
    O      -8.359  -6.395  -1.384
    C      -7.956  -5.286  -1.825
    C      -8.488  -4.665  -2.943
    C      -9.713  -5.138  -3.420
    H     -10.115  -5.900  -3.018
    O      -1.390  -4.852  -6.775
    O      -1.387  -6.395  -8.356
    C      -1.828  -5.286  -7.953
    C      -2.946  -4.665  -8.485
    C      -3.423  -5.138  -9.710
    H      -3.021  -5.900 -10.112
    O      -1.390   4.858   6.799
    O      -1.387   6.401   8.380
    C      -1.828   5.292   7.977
    C      -2.946   4.671   8.509
    C      -3.423   5.144   9.734
    H      -3.021   5.906  10.136
    O      -6.778  -1.396  -4.843
    O      -8.359  -1.393  -6.386
    C      -7.956  -1.834  -5.277
    C      -8.488  -2.952  -4.656
    C      -9.713  -3.429  -5.129
    H     -10.115  -3.027  -5.891
    O      -6.778   1.402   4.867
    O      -8.359   1.399   6.410
    C      -7.956   1.840   5.301
    C      -8.488   2.958   4.680
    C      -9.713   3.435   5.153
    H     -10.115   3.033   5.915
    O      -4.846  -6.784  -1.387
    O      -6.389  -8.365  -1.384
    C      -5.280  -7.962  -1.825
    C      -4.659  -8.494  -2.943
    C      -5.132  -9.719  -3.420
    H      -5.894 -10.121  -3.018
    O      -4.846   6.790   1.411
    O      -6.389   8.371   1.408
    C      -5.280   7.968   1.849
    C      -4.659   8.500   2.967
    C      -5.132   9.725   3.444
    H      -5.894  10.127   3.042
    O      -4.846  -1.396   6.799
    O      -6.389  -1.393   8.380
    C      -5.280  -1.834   7.977
    C      -4.659  -2.952   8.509
    C      -5.132  -3.429   9.734
    H      -5.894  -3.027  10.136
    O      -4.846   1.402  -6.775
    O      -6.389   1.399  -8.356
    C      -5.280   1.840  -7.953
    C      -4.659   2.958  -8.485
    C      -5.132   3.435  -9.710
    H      -5.894   3.033 -10.112
    O      -1.390  -6.784   4.867
    O      -1.387  -8.365   6.410
    C      -1.828  -7.962   5.301
    C      -2.946  -8.494   4.680
    C      -3.423  -9.719   5.153
    H      -3.021 -10.121   5.915
    O      -1.390   6.790  -4.843
    O      -1.387   8.371  -6.386
    C      -1.828   7.968  -5.277
    C      -2.946   8.500  -4.656
    C      -3.423   9.725  -5.129
    H      -3.021  10.127  -5.891
    O      -6.778  -4.852   1.411
    O      -8.359  -6.395   1.408
    C      -7.956  -5.286   1.849
    C      -8.488  -4.665   2.967
    C      -9.713  -5.138   3.444
    H     -10.115  -5.900   3.042
    O      -6.778   4.858  -1.387
    O      -8.359   6.401  -1.384
    C      -7.956   5.292  -1.825
    C      -8.488   4.671  -2.943
    C      -9.713   5.144  -3.420
    H     -10.115   5.906  -3.018
   Cu      -5.657   0.003   5.678
   Cu      -7.531   0.003   7.552
    O      -4.144   0.003   4.165
    O      -9.039   0.003   9.060
   Cu      -5.657   0.003  -5.654
   Cu      -7.531   0.003  -7.528
    O      -4.144   0.003  -4.141
    O      -9.039   0.003  -9.036
   Cu      -5.657   5.669   0.012
   Cu      -7.531   7.543   0.012
    O      -4.144   4.156   0.012
    O      -9.039   9.051   0.012
   Cu      -5.657  -5.663   0.012
   Cu      -7.531  -7.537   0.012
    O      -4.144  -4.150   0.012
    O      -9.039  -9.045   0.012
    C      -3.558  -3.564   7.947
    H      -3.206  -3.212   7.137
    C      -4.494  -4.500  10.372
    C      -3.558   3.570  -7.923
    H      -3.206   3.218  -7.113
    C      -4.494   4.506 -10.348
    C      -7.926  -3.564   3.579
    H      -7.116  -3.212   3.227
    C     -10.351  -4.500   4.515
    C      -7.926   3.570  -3.555
    H      -7.116   3.218  -3.203
    C     -10.351   4.506  -4.491
    C      -3.558   7.938  -3.555
    H      -3.206   7.128  -3.203
    C      -4.494  10.363  -4.491
    C      -3.558  -7.932   3.579
    H      -3.206  -7.122   3.227
    C      -4.494 -10.357   4.515
    C      -3.558  -3.564  -7.923
    H      -3.206  -3.212  -7.113
    C      -4.494  -4.500 -10.348
    C      -3.558   3.570   7.947
    H      -3.206   3.218   7.137
    C      -4.494   4.506  10.372
    C      -3.558   7.938   3.579
    H      -3.206   7.128   3.227
    C      -4.494  10.363   4.515
    C      -3.558  -7.932  -3.555
    H      -3.206  -7.122  -3.203
    C      -4.494 -10.357  -4.491
    C      -7.926   3.570   3.579
    H      -7.116   3.218   3.227
    C     -10.351   4.506   4.515
    C      -7.926  -3.564  -3.555
    H      -7.116  -3.212  -3.203
    C     -10.351  -4.500  -4.491
    O       1.408   4.858   6.799
    O       1.405   6.401   8.380
    C       1.846   5.292   7.977
    C       2.964   4.671   8.509
    C       3.441   5.144   9.734
    H       3.039   5.906  10.136
    O       1.408  -4.852  -6.775
    O       1.405  -6.395  -8.356
    C       1.846  -5.286  -7.953
    C       2.964  -4.665  -8.485
    C       3.441  -5.138  -9.710
    H       3.039  -5.900 -10.112
    C       6.796   1.402   4.867
    O       8.377   1.399   6.410
    C       7.974   1.840   5.301
    C       8.506   2.958   4.680
    C       9.731   3.435   5.153
    H      10.133   3.033   5.915
    O       6.796  -1.396  -4.843
    O       8.377  -1.393  -6.386
    C       7.974  -1.834  -5.277
    C       8.506  -2.952  -4.656
    C       9.731  -3.429  -5.129
    H      10.133  -3.027  -5.891
    O       4.864   6.790   1.411
    O       6.407   8.371   1.408
    C       5.298   7.968   1.849
    C       4.677   8.500   2.967
    C       5.150   9.725   3.444
    H       5.912  10.127   3.042
    O       4.864  -6.784  -1.387
    O       6.407  -8.365  -1.384
    C       5.298  -7.962  -1.825
    C       4.677  -8.494  -2.943
    C       5.150  -9.719  -3.420
    H       5.912 -10.121  -3.018
    O       4.864   1.402  -6.775
    O       6.407   1.399  -8.356
    C       5.298   1.840  -7.953
    C       4.677   2.958  -8.485
    C       5.150   3.435  -9.710
    H       5.912   3.033 -10.112
    O       4.864  -1.396   6.799
    C       6.407  -1.393   8.380
    C       5.298  -1.834   7.977
    C       4.677  -2.952   8.509
    C       5.150  -3.429   9.734
    H       5.912  -3.027  10.136
    O       1.408   6.790  -4.843
    O       1.405   8.371  -6.386
    C       1.846   7.968  -5.277
    C       2.964   8.500  -4.656
    C       3.441   9.725  -5.129
    H       3.039  10.127  -5.891
    O       1.408  -6.784   4.867
    O       1.405  -8.365   6.410
    C       1.846  -7.962   5.301
    C       2.964  -8.494   4.680
    C       3.441  -9.719   5.153
    H       3.039 -10.121   5.915
    O       6.796   4.858  -1.387
    O       8.377   6.401  -1.384
    C       7.974   5.292  -1.825
    C       8.506   4.671  -2.943
    C       9.731   5.144  -3.420
    H      10.133   5.906  -3.018
    O       6.796  -4.852   1.411
    O       8.377  -6.395   1.408
    C       7.974  -5.286   1.849
    C       8.506  -4.665   2.967
    C       9.731  -5.138   3.444
    H      10.133  -5.900   3.042
    O       1.408   4.858  -6.775
    O       1.405   6.401  -8.356
    C       1.846   5.292  -7.953
    C       2.964   4.671  -8.485
    C       3.441   5.144  -9.710
    H       3.039   5.906 -10.112
    O       1.408  -4.852   6.799
    O       1.405  -6.395   8.380
    C       1.846  -5.286   7.977
    C       2.964  -4.665   8.509
    C       3.441  -5.138   9.734
    H       3.039  -5.900  10.136
    O       6.796   1.402  -4.843
    O       8.377   1.399  -6.386
    C       7.974   1.840  -5.277
    C       8.506   2.958  -4.656
    C       9.731   3.435  -5.129
    H      10.133   3.033  -5.891
    O       6.796  -1.396   4.867
    O       8.377  -1.393   6.410
    C       7.974  -1.834   5.301
    C       8.506  -2.952   4.680
    C       9.731  -3.429   5.153
    H      10.133  -3.027   5.915
    O       4.864  -6.784   1.411
    O       6.407  -8.365   1.408
    C       5.298  -7.962   1.849
    C       4.677  -8.494   2.967
    C       5.150  -9.719   3.444
    H       5.912 -10.121   3.042
    O       4.864   6.790  -1.387
    O       6.407   8.371  -1.384
    C       5.298   7.968  -1.825
    C       4.677   8.500  -2.943
    C       5.150   9.725  -3.420
    H       5.912  10.127  -3.018
    O       4.864   1.402   6.799
    O       6.407   1.399   8.380
    C       5.298   1.840   7.977
    C       4.677   2.958   8.509
    C       5.150   3.435   9.734
    H       5.912   3.033  10.136
    O       4.864  -1.396  -6.775
    O       6.407  -1.393  -8.356
    C       5.298  -1.834  -7.953
    C       4.677  -2.952  -8.485
    C       5.150  -3.429  -9.710
    H       5.912  -3.027 -10.112
    O       1.408  -6.784  -4.843
    O       1.405  -8.365  -6.386
    C       1.846  -7.962  -5.277
    C       2.964  -8.494  -4.656
    C       3.441  -9.719  -5.129
    H       3.039 -10.121  -5.891
    O       1.408   6.790   4.867
    O       1.405   8.371   6.410
    C       1.846   7.968   5.301
    C       2.964   8.500   4.680
    C       3.441   9.725   5.153
    H       3.039  10.127   5.915
    O       6.796  -4.852  -1.387
    O       8.377  -6.395  -1.384
    C       7.974  -5.286  -1.825
    C       8.506  -4.665  -2.943
    C       9.731  -5.138  -3.420
    H      10.133  -5.900  -3.018
    O       6.796   4.858   1.411
    O       8.377   6.401   1.408
    C       7.974   5.292   1.849
    C       8.506   4.671   2.967
    C       9.731   5.144   3.444
    H      10.133   5.906   3.042
   Cu       0.009   5.669   5.678
   Cu       0.009   7.543   7.552
    C       0.009   4.156   4.165
    O       0.009   9.051   9.060
   Cu       0.009  -5.663   5.678
   Cu       0.009  -7.537   7.552
    O       0.009  -4.150   4.165
    O       0.009  -9.045   9.060
   Cu       0.009   5.669  -5.654
   Cu       0.009   7.543  -7.528
    O       0.009   4.156  -4.141
    O       0.009   9.051  -9.036
   Cu       0.009  -5.663  -5.654
   Cu       0.009  -7.537  -7.528
    O       0.009  -4.150  -4.141
    O       0.009  -9.045  -9.036
   Cu       5.675   0.003   5.678
   Cu       7.549   0.003   7.552
    O       4.162   0.003   4.165
    O       9.057   0.003   9.060
   Cu       5.675   0.003  -5.654
   Cu       7.549   0.003  -7.528
    O       4.162   0.003  -4.141
    O       9.057   0.003  -9.036
   Cu       5.675   5.669   0.012
   Cu       7.549   7.543   0.012
    O       4.162   4.156   0.012
    O       9.057   9.051   0.012
   Cu       5.675  -5.663   0.012
   Cu       7.549  -7.537   0.012
    O       4.162  -4.150   0.012
    O       9.057  -9.045   0.012
    C       3.576   3.570   7.947
    H       3.224   3.218   7.137
    C       4.512   4.506  10.372
    C       3.576  -3.564  -7.923
    H       3.224  -3.212  -7.113
    C       4.512  -4.500 -10.348
    C       7.944   3.570   3.579
    H       7.134   3.218   3.227
    C      10.369   4.506   4.515
    C       7.944  -3.564  -3.555
    H       7.134  -3.212  -3.203
    C      10.369  -4.500  -4.491
    C       3.576   7.938   3.579
    H       3.224   7.128   3.227
    C       4.512  10.363   4.515
    C       3.576  -7.932  -3.555
    H       3.224  -7.122  -3.203
    C       4.512 -10.357  -4.491
    C       3.576   3.570  -7.923
    H       3.224   3.218  -7.113
    C       4.512   4.506 -10.348
    C       3.576  -3.564   7.947
    H       3.224  -3.212   7.137
    C       4.512  -4.500  10.372
    C       3.576   7.938  -3.555
    H       3.224   7.128  -3.203
    C       4.512  10.363  -4.491
    C       3.576  -7.932   3.579
    H       3.224  -7.122   3.227
    C       4.512 -10.357   4.515
    C       7.944   3.570  -3.555
    H       7.134   3.218  -3.203
    C      10.369   4.506  -4.491
    C       7.944  -3.564   3.579
    H       7.134  -3.212   3.227
    C      10.369  -4.500   4.515
[connectivity]
rht:
    1      -4.765   4.777 -10.963      -0.375   0.375  -0.849      -0.745  -0.666   0.034
    1     -10.966   4.777  -4.762      -0.849   0.375  -0.375       0.034   0.745   0.666
    1      -4.765  10.978  -4.762      -0.375   0.849  -0.375       0.666  -0.034  -0.745
    1      10.984  -4.771   4.786       0.849  -0.375   0.375      -0.034   0.666   0.745
    1     -10.966  -4.771  -4.762      -0.849  -0.375  -0.375       0.034   0.666  -0.745
    1       4.783 -10.972  -4.762       0.375  -0.849  -0.375      -0.666   0.034  -0.745
    1      -4.765 -10.972  -4.762      -0.375  -0.849  -0.375      -0.745   0.034   0.666
    1       4.783   4.777 -10.963       0.375   0.375  -0.849      -0.666   0.745   0.034
    1      -4.765  -4.771 -10.963      -0.375  -0.375  -0.849       0.666  -0.745   0.034
    1       4.783  -4.771 -10.963       0.375  -0.375  -0.849       0.745   0.666   0.034
    1      -4.765   4.777  10.987      -0.375   0.375   0.849       0.666   0.745  -0.034
    1      -4.765  -4.771  10.987      -0.375  -0.375   0.849      -0.745   0.666  -0.034
    1     -10.966  -4.771   4.786      -0.849  -0.375   0.375       0.034  -0.745  -0.666
    1      -4.765 -10.972   4.786      -0.375  -0.849   0.375       0.666   0.034   0.745
    1       4.783  -4.771  10.987       0.375  -0.375   0.849      -0.666  -0.745  -0.034
    1       4.783 -10.972   4.786       0.375  -0.849   0.375       0.745   0.034  -0.666
    1      10.984  -4.771  -4.762       0.849  -0.375  -0.375      -0.034  -0.745   0.666
    1      10.984   4.777  -4.762       0.849   0.375  -0.375      -0.034  -0.666  -0.745
    1       4.783  10.978  -4.762       0.375   0.849  -0.375       0.745  -0.034   0.666
    1     -10.966   4.777   4.786      -0.849   0.375   0.375       0.034  -0.666   0.745
    1      -4.765  10.978   4.786      -0.375   0.849   0.375      -0.745  -0.034  -0.666
    1       4.783  10.978   4.786       0.375   0.849   0.375      -0.666  -0.034   0.745
    1       4.783   4.777  10.987       0.375   0.375   0.849       0.745  -0.666  -0.034
    1      10.984   4.777   4.786       0.849   0.375   0.375      -0.034   0.745  -0.666
[end]
[start]
[properties]
name = Zn paddlewheel
index = 3
metal = True
[coordinates]
default:
    O      -1.398  -1.096   1.417
    O      -1.398   1.096  -1.417
    O      -1.398  -1.096  -1.417
    O      -1.398   1.096   1.417
    C      -1.761   0.000   1.837
    C      -1.761   0.000  -1.837
    O       1.398   1.096   1.417
    O       1.398  -1.096  -1.417
    O       1.398   1.096  -1.417
    O       1.398  -1.096   1.417
   Zn       0.000  -1.474   0.000
   Zn       0.000   1.473   0.000
    C       1.761   0.000   1.837
    C       1.761   0.000  -1.837
[connectivity]
pcu:
    1      -2.282   0.000   2.392      -0.686   0.000   0.728       0.018   0.999   0.017
    1      -2.282   0.000  -2.392      -0.686   0.000  -0.728       0.018   0.999  -0.017
    1       2.282   0.000  -2.392       0.686   0.000  -0.728      -0.018   0.999  -0.017
    1       2.282   0.000   2.392       0.686   0.000   0.728      -0.018   0.999   0.017
metallic:
    1       0.000   2.473  -0.000       0.000   0.740   0.000       0.736   0.000  -0.076
    1       0.000  -2.474  -0.000       0.000  -0.740   0.000      -0.736   0.000   0.076
pts:
    1      -2.282   0.000   2.392      -0.686   0.000   0.728       0.018   0.999   0.017
    1      -2.282   0.000  -2.392      -0.686   0.000  -0.728       0.018   0.999  -0.017
    1       2.282   0.000  -2.392       0.686   0.000  -0.728      -0.018   0.999  -0.017
    1       2.282   0.000   2.392       0.686   0.000   0.728      -0.018   0.999   0.017
tbo:
    1       2.183   0.061   2.422       0.617   0.015   0.787      -0.010  -0.999   0.026
    1      -2.242   0.007   2.367      -0.637  -0.001   0.771       0.010   1.000   0.009
    1      -2.182  -0.035  -2.419      -0.617  -0.015  -0.787       0.035  -1.000  -0.009
    1       2.243   0.019  -2.364       0.637   0.001  -0.771      -0.034   0.999  -0.027
nbo:
    1       2.183   0.061   2.422       0.617   0.015   0.787      -0.010  -0.999   0.026
    1      -2.242   0.007   2.367      -0.637  -0.001   0.771       0.010   1.000   0.009
    1      -2.182  -0.035  -2.419      -0.617  -0.015  -0.787       0.035  -1.000  -0.009
    1       2.243   0.019  -2.364       0.637   0.001  -0.771      -0.034   0.999  -0.027
fof:
    2       2.214  -0.013   2.388       0.466   0.003   0.581      -0.017   0.739   0.009
    2      -2.205  -0.046   2.357      -0.474  -0.003   0.574       0.006   0.740   0.010
    1      -2.171  -0.075  -2.425      -0.466  -0.004  -0.581       0.017  -0.740  -0.009
    1       2.248  -0.043  -2.394       0.474   0.003  -0.574      -0.007  -0.740  -0.010
[end]
[start]
[properties]
name = Cr trigonal prism
index = 4
metal = True
[coordinates]
default:
    O       2.267  -1.345   1.480
    O      -0.321  -2.272   1.372
    C      -1.353  -2.006   2.057
    O      -2.299  -1.290   1.480
    O      -1.808   1.414   1.372
    C      -1.061   2.175   2.057
    O       0.032   2.636   1.480
    O       2.128   0.859   1.372
    C       2.414  -0.169   2.057
    O       2.267  -1.345  -1.479
    O      -0.321  -2.272  -1.371
    C      -1.353  -2.006  -2.056
    O      -2.299  -1.290  -1.479
    O      -1.808   1.414  -1.371
    C      -1.061   2.175  -2.056
    O       0.032   2.636  -1.479
    O       2.128   0.859  -1.371
    C       2.414  -0.169  -2.056
   Cr       0.918  -1.740  -0.000
    O       1.489  -3.573  -0.000
   Cr      -1.966   0.075  -0.000
    O      -3.839   0.497  -0.000
   Cr       1.048   1.665  -0.000
    O       2.350   3.076  -0.000
    O       0.000  -0.000  -0.000
[connectivity]
acs:
    1      -1.130   2.295   2.543      -0.138   0.239   0.961      -0.883  -0.469  -0.010
    1       2.553  -0.169   2.543       0.275   0.000   0.961       0.035   1.000  -0.010
    1      -1.423  -2.127   2.543      -0.137  -0.238   0.961       0.848  -0.530  -0.010
    1      -1.130   2.295  -2.542      -0.138   0.239  -0.961       0.883   0.470  -0.010
    1       2.553  -0.169  -2.542       0.275   0.000  -0.961      -0.035  -0.999  -0.010
    1      -1.423  -2.127  -2.542      -0.137  -0.238  -0.961      -0.848   0.530  -0.010
[end]
[start]
[properties]
name = Cd rectangle
index = 5
metal = True
[coordinates]
default:
    O       2.174   0.523   1.448
    O       2.783   2.622   1.679
    C       2.856   1.424   2.018
    O      -2.175  -0.523   1.448
    O      -2.784  -2.622   1.679
    C      -2.857  -1.423   2.018
    O      -0.523   2.175   1.448
    O      -2.622   2.784   1.679
    C      -1.424   2.857   2.018
    O       0.523  -2.174   1.448
    O       2.622  -2.783   1.679
    C       1.423  -2.856   2.018
    O      -2.175  -0.523  -1.449
    O      -2.784  -2.622  -1.680
    C      -2.857  -1.423  -2.019
    O       2.174   0.523  -1.449
    O       2.783   2.622  -1.680
    C       2.856   1.424  -2.019
    O       0.523  -2.174  -1.449
    O       2.622  -2.783  -1.680
    C       1.423  -2.856  -2.019
    O      -0.523   2.175  -1.449
    O      -2.622   2.784  -1.680
    C      -1.424   2.857  -2.019
   Cd       1.229   2.402   0.000
   Cd      -1.230  -2.401   0.000
   Cd      -2.401   1.230   0.000
   Cd       2.401  -1.229   0.000
[connectivity]
bcu:
    1      -1.236   3.320   2.581       0.249   0.616   0.748      -0.968   0.199   0.158
    1       3.320   1.236   2.581       0.616  -0.248   0.748       0.199   0.968   0.158
    1      -1.236   3.320  -2.582       0.249   0.616  -0.747      -0.968   0.199  -0.158
    1       3.320   1.236  -2.582       0.616  -0.248  -0.747       0.199   0.968  -0.158
    1       1.236  -3.320  -2.582      -0.249  -0.616  -0.747       0.967  -0.199  -0.158
    1      -3.320  -1.236  -2.582      -0.616   0.249  -0.747      -0.199  -0.967  -0.158
    1      -3.320  -1.236   2.581      -0.616   0.249   0.748      -0.199  -0.967   0.158
    1       1.236  -3.320   2.581      -0.249  -0.616   0.748       0.968  -0.172   0.181
flu:
    1      -1.236   3.320   2.581       0.249   0.616   0.748      -0.968   0.199   0.158
    1       3.320   1.236   2.581       0.616  -0.248   0.748       0.199   0.968   0.158
    1      -1.236   3.320  -2.582       0.249   0.616  -0.747      -0.968   0.199  -0.158
    1       3.320   1.236  -2.582       0.616  -0.248  -0.747       0.199   0.968  -0.158
    1       1.236  -3.320  -2.582      -0.249  -0.616  -0.747       0.967  -0.199  -0.158
    1      -3.320  -1.236  -2.582      -0.616   0.249  -0.747      -0.199  -0.967  -0.158
    1      -3.320  -1.236   2.581      -0.616   0.249   0.748      -0.199  -0.967   0.158
    1       1.236  -3.320   2.581      -0.249  -0.616   0.748       0.968  -0.172   0.181
[end]
[start]
[properties]
name = Mn rectangle
index = 6
metal = True
[coordinates]
default:
    N       2.525   1.589  -1.509
    N       3.353   1.791  -2.523
    N      -2.525  -1.589  -1.509
    N      -3.353  -1.791  -2.523
    N       1.589  -2.525  -1.509
    N       1.791  -3.353  -2.523
    N      -1.589   2.525  -1.509
    N      -1.791   3.353  -2.523
    N       2.525  -1.589  -1.509
    N       3.353  -1.791  -2.523
    N      -2.525   1.589  -1.509
    N      -3.353   1.791  -2.523
    N      -1.589  -2.525  -1.509
    N      -1.791  -3.353  -2.523
    N       1.589   2.525  -1.509
    N       1.791   3.353  -2.523
    C       2.875   2.875  -3.131
    C      -2.875  -2.875  -3.131
    C       2.875  -2.875  -3.131
    C      -2.875   2.875  -3.131
    N      -2.525   1.589   1.509
    N      -3.353   1.791   2.523
    N       2.525  -1.589   1.509
    N       3.353  -1.791   2.523
    N       1.589   2.525   1.509
    N       1.791   3.353   2.523
    N      -1.589  -2.525   1.509
    N      -1.791  -3.353   2.523
    N      -2.525  -1.589   1.509
    N      -3.353  -1.791   2.523
    N       2.525   1.589   1.509
    N       3.353   1.791   2.523
    N      -1.589   2.525   1.509
    N      -1.791   3.353   2.523
    N       1.589  -2.525   1.509
    N       1.791  -3.353   2.523
   Mn      -2.672   0.000  -0.000
   Mn       2.672   0.000  -0.000
   Mn      -0.000  -2.672  -0.000
   Mn      -0.000   2.672  -0.000
   Cl      -0.000   0.000  -0.000
    C      -2.875   2.875   3.131
    C       2.875  -2.875   3.131
    C       2.875   2.875   3.131
    C      -2.875  -2.875   3.131
   Na       4.465   0.000  -2.751
[connectivity]
bcu:
    1       3.181   3.181   3.729       0.414   0.414   0.811      -0.703   0.712  -0.004
    1      -3.181   3.181   3.729      -0.414   0.414   0.811      -0.712  -0.703  -0.004
    1       3.181  -3.181   3.729       0.414  -0.414   0.811       0.712   0.703  -0.004
    1      -3.181  -3.181   3.729      -0.414  -0.414   0.811       0.703  -0.712  -0.004
    1       3.181   3.181  -3.729       0.414   0.414  -0.811       0.712  -0.703   0.004
    1       3.181  -3.181  -3.729       0.414  -0.414  -0.811      -0.703  -0.712   0.004
    1      -3.181  -3.181  -3.729      -0.414  -0.414  -0.811      -0.712   0.703   0.004
    1      -3.181   3.181  -3.729      -0.414   0.414  -0.811       0.703   0.712   0.004
the:
    1       3.181   3.181   3.729       0.414   0.414   0.811      -0.703   0.712  -0.004
    1      -3.181   3.181   3.729      -0.414   0.414   0.811      -0.712  -0.703  -0.004
    1       3.181  -3.181   3.729       0.414  -0.414   0.811       0.712   0.703  -0.004
    1      -3.181  -3.181   3.729      -0.414  -0.414   0.811       0.703  -0.712  -0.004
    1       3.181   3.181  -3.729       0.414   0.414  -0.811       0.712  -0.703   0.004
    1       3.181  -3.181  -3.729       0.414  -0.414  -0.811      -0.703  -0.712   0.004
    1      -3.181  -3.181  -3.729      -0.414  -0.414  -0.811      -0.712   0.703   0.004
    1      -3.181   3.181  -3.729      -0.414   0.414  -0.811       0.703   0.712   0.004
[end]
[start]
[properties]
name = Zr cuboctahedral
index = 7
metal = True
[coordinates]
default:
   Zr      -0.000  -2.481  -0.000
    O       1.973  -3.528  -0.000
    O      -1.973  -3.528  -0.000
    O      -0.000  -1.972  -3.529
    O      -0.000  -1.972   3.529
    O      -0.000  -3.528  -1.973
    O      -0.000  -3.528   1.973
    O      -3.529  -1.972  -0.000
    O       3.529  -1.972  -0.000
    O       1.161  -1.161  -1.161
    O      -1.161  -1.161   1.161
    O       1.161  -1.161   1.161
    O      -1.161  -1.161  -1.161
    C      -3.179  -3.179  -0.000
    C       3.180  -3.179  -0.000
    C      -0.000  -3.179   3.180
    C      -0.000  -3.179  -3.179
   Zr       2.482  -0.000  -0.000
   Zr      -2.482  -0.000  -0.000
   Zr      -0.000   2.482  -0.000
   Zr      -0.000  -0.000   2.482
   Zr      -0.000  -0.000  -2.482
    O       3.529  -0.000   1.973
    O      -3.529  -0.000   1.973
    O      -3.529  -0.000  -1.973
    O       3.529  -0.000  -1.973
    O       1.973   3.529  -0.000
    O      -1.973   3.529  -0.000
    O      -0.000   1.973   3.529
    O      -0.000   1.973  -3.529
    O      -0.000   3.529  -1.973
    O      -0.000   3.529   1.973
    O       3.529   1.973  -0.000
    O      -3.529   1.973  -0.000
    O       1.973  -0.000  -3.529
    O       1.973  -0.000   3.529
    O      -1.973  -0.000   3.529
    O      -1.973  -0.000  -3.529
    O      -1.161   1.162  -1.161
    O       1.161   1.162   1.161
    O      -1.161   1.162   1.161
    O       1.161   1.162  -1.161
    C       3.180  -0.000  -3.179
    C      -3.179  -0.000  -3.179
    C      -3.179  -0.000   3.180
    C       3.180  -0.000   3.180
    C      -3.179   3.180  -0.000
    C       3.180   3.180  -0.000
    C      -0.000   3.180  -3.179
    C      -0.000   3.180   3.180
[connectivity]
ubt:
    1      -3.711  -3.711  -0.000      -0.707  -0.707   0.000      -0.707   0.707   0.000
    1      -3.711  -0.000  -3.711      -0.707   0.000  -0.707       0.707   0.000  -0.707
    1      -0.000  -3.711  -3.711       0.000  -0.707  -0.707       0.000   0.707  -0.707
    1       3.712  -3.711  -0.000       0.707  -0.707   0.000      -0.707  -0.707   0.000
    1      -0.000  -3.711   3.712       0.000  -0.707   0.707       0.000   0.707   0.707
    1      -3.711  -0.000   3.712      -0.707   0.000   0.707       0.707   0.000   0.707
    1       3.712  -0.000   3.712       0.707   0.000   0.707       0.707   0.000  -0.707
    1      -0.000   3.712   3.712       0.000   0.707   0.707       0.000   0.707  -0.707
    1       3.712   3.712  -0.000       0.707   0.707   0.000      -0.707   0.707   0.000
    1      -3.711   3.712  -0.000      -0.707   0.707   0.000      -0.707  -0.707   0.000
    1      -0.000   3.712  -3.711       0.000   0.707  -0.707       0.000   0.707   0.707
    1       3.712  -0.000  -3.711       0.707   0.000  -0.707       0.707   0.000   0.707
[end]
[start]
[properties]
name = In 3+ chain
index = 8
metal = True
[coordinates]
default:
    O      -1.355  -0.504   1.523
    O       1.355  -1.905   1.523
    O       1.355  -4.064  -1.523
    O      -1.355   1.655  -1.523
    O       1.355  -1.905  -1.523
    O      -1.355  -0.504  -1.523
    O      -1.355   1.655   1.523
    O       1.355  -4.064   1.523
   In       0.000  -1.205  -0.000
   In       0.000   2.355  -0.000
    O       1.036   0.575  -0.000
    H       2.017   0.575  -0.000
    O      -1.037   4.135  -0.000
    H      -2.017   4.135  -0.000
    C      -1.710   0.575   1.948
    C       1.709  -2.985   1.948
    C       1.709  -2.985  -1.948
    C      -1.710   0.575  -1.948
[connectivity]
intermetal:
    1      -0.519   5.025  -0.000       0.504   0.865   0.000      -0.864   0.503   0.000
    2      -0.519  -2.095  -0.000      -0.503  -0.864   0.000      -0.864   0.503   0.000
pcu:
    1      -2.152   0.575   2.541      -0.598   0.000   0.802       0.022   1.000   0.016
    1       2.151  -2.985   2.541       0.598   0.000   0.802      -0.022   1.000   0.016
    1       2.151  -2.985  -2.541       0.598   0.000  -0.802      -0.022   1.000  -0.016
    1      -2.152   0.575  -2.541      -0.598   0.000  -0.802       0.022   1.000  -0.016
[end]
[start]
[properties]
name = Ba 2+ phosphonate ester chain
index = 10
metal = True
[coordinates]
default:
    P       2.668  -1.435  -0.797
    O       2.542  -1.872   0.645
    O       1.481  -0.657  -1.274
    O       0.437  -3.020   2.927
    O       2.341  -4.178   1.700
    O       4.006  -0.626  -0.998
    O       0.708  -5.542   2.838
    H      -1.179  -5.151   3.265
    C      -1.037  -7.149   3.308
    H      -1.777  -7.102   2.698
    H      -0.347  -7.699   2.932
    P      -2.668  -1.435   3.356
    P      -1.379  -4.127  -0.360
    O      -2.542  -1.872   1.914
    O      -0.437  -3.020  -0.368
    O      -2.341  -4.178   0.860
    O      -4.006  -0.626   3.557
    O      -0.708  -5.542  -0.279
    C       0.513  -5.801  -0.982
    H       1.179  -5.151  -0.706
    H       0.361  -5.683  -1.933
    C       1.037  -7.149  -0.749
    H       1.777  -7.102  -0.139
    H       0.347  -7.699  -0.373
    C      -4.107  -0.721  -0.973
    H      -4.018  -0.779  -1.937
    H      -3.387  -1.237  -0.574
    C      -5.426  -1.299  -0.553
    H      -6.108  -1.007  -1.163
    H      -5.375  -2.256  -0.567
    H      -5.639  -0.998   0.333
   Ba      -0.000  -0.932   1.280
    C       4.107   0.722  -0.592
    H       4.018   0.780   0.372
    H       3.387   1.237  -0.991
    C       5.426   1.299  -1.012
    H       6.108   1.007  -0.402
    H       5.375   2.257  -0.998
    H       5.639   0.999  -1.897
    C      -4.107   0.722   3.151
    H      -4.018   0.780   2.187
    H      -3.387   1.237   3.550
    C      -5.426   1.299   3.571
    H      -6.108   1.007   2.961
    H      -5.375   2.257   3.557
    H      -5.639   0.999   4.457
    P      -2.668   1.435  -0.768
    O      -2.542   1.873  -2.210
    O      -1.481   0.657  -0.291
    O      -0.437   3.020  -4.492
    O      -4.006   0.627  -0.567
    P       1.379   4.128  -1.205
    O       1.481   0.657   2.850
    O       0.437   3.020  -1.197
    O       2.341   4.179  -2.424
    O       0.708   5.542  -1.286
   Ba      -0.000   0.932  -2.844
    P       1.379  -4.127   2.919
    C      -0.513  -5.801   3.541
    H      -0.361  -5.683   4.492
    H      -1.331  -7.525   4.140
    O      -1.481  -0.657   3.833
    C       4.107  -0.721   3.532
    H       4.018  -0.779   4.496
    H       3.387  -1.237   3.133
    C       5.426  -1.299   3.112
    H       6.108  -1.007   3.722
    H       5.375  -2.256   3.126
    H       5.639  -0.998   2.227
    P       2.668   1.435   3.327
    O       2.542   1.873   4.769
    O       4.006   0.627   3.126
    H       1.331  -7.525  -1.581
    C      -0.513   5.801  -0.583
    H      -1.179   5.151  -0.859
    H      -0.361   5.683   0.368
    C      -1.037   7.150  -0.816
    H      -1.777   7.102  -1.426
    H      -1.331   7.525   0.016
    H      -0.347   7.699  -1.192
    P      -1.361   4.127  -4.484
    C       0.530   5.801  -5.106
    H       0.378   5.683  -6.057
    O      -2.323   4.179  -3.264
    O      -0.691   5.542  -4.403
    H       1.197   5.151  -4.830
    H       1.271   7.541  -5.706
    C       0.977   7.165  -4.874
    H       1.718   7.118  -4.264
    H       0.288   7.715  -4.498
[connectivity]
intermetal:
    1      -0.741   0.138  -3.630      -0.552  -0.593  -0.586       0.407  -0.806   0.432
    2      -0.741   0.138   4.618       0.553   0.592   0.586       0.407  -0.806   0.432
idkBa:
    1      -2.374   3.121  -6.883      -0.664   0.715  -0.225      -0.287  -0.516  -0.822
    1       2.370   3.136   1.194       0.667   0.712   0.225       0.273  -0.508   0.832
    1       2.346  -3.171  -2.930       0.666  -0.712   0.225       0.286   0.521   0.805
    1      -2.362  -3.122   5.489      -0.666  -0.712  -0.224      -0.265   0.506  -0.821
[end]
[start]
[properties]
name = In tetrahedral
index = 11
metal = True
[coordinates]
default:
    O       0.600  -0.965   1.827
    O       1.657  -1.733   0.206
    C       1.430  -1.706   1.424
    O      -0.600   0.965   1.827
    O      -1.657   1.733   0.206
    C      -1.430   1.706   1.424
    O      -0.600  -0.965  -1.827
    O      -1.657  -1.733  -0.206
    C      -1.430  -1.706  -1.424
    O       0.600   0.965  -1.827
    O       1.657   1.733  -0.206
    C       1.430   1.706  -1.424
   In       0.000   0.000  -0.000
[connectivity]
dia:
    1       1.846   2.133  -1.887       0.551   0.565  -0.614       0.520   0.343   0.782
    1      -1.846  -2.133  -1.887      -0.551  -0.565  -0.614      -0.520  -0.343   0.782
    1      -1.846   2.133   1.887      -0.551   0.565   0.614      -0.520   0.343  -0.782
    1       1.846  -2.133   1.887       0.551  -0.565   0.614       0.520  -0.343  -0.782
[end]

 vim:ft=dosini:set paste:
