[start]
[properties]
name = Zinc oxide octahedral cluster
metal = True
index = 1
[coordinates]
default:
   Zn      -1.121  -1.121  -1.120
   Zn      -1.120   1.121   1.121
   Zn       1.121  -1.121   1.121
   Zn       1.121   1.120  -1.121
    O       0.000   0.000   0.000
    O      -2.997  -0.823  -0.822
    O      -0.822   0.825   2.997
    O       0.823  -2.996   0.824
    O      -2.996   0.825   0.824
    O      -0.825  -2.996  -0.822
    O       0.824  -0.822   2.997
    O       2.997  -0.824   0.823
    O       0.823   0.822  -2.997
    O       2.997   0.822  -0.824
    O      -0.824  -0.824  -2.996
    O      -0.822   2.997   0.823
    O       0.824   2.996  -0.825
    C       3.483  -0.001  -0.001
    C       0.001   3.483  -0.001
    C      -0.001  -0.001  -3.496
    C      -3.496   0.001   0.001
    C      -0.001  -3.496   0.001
    C       0.000   0.000   3.483
[connectivity]
pcu:
    1       4.228  -0.001  -0.001       1.000   0.000  -0.001       0.000  -0.708   0.706
    1       0.000   4.228  -0.002       0.001   1.000  -0.001      -0.707  -0.001  -0.707
    1      -0.001  -0.002  -4.241       0.000   0.000  -1.000       0.707  -0.707   0.000
    1      -4.241   0.001   0.002      -1.000   0.000   0.000      -0.001   0.708  -0.706
    1      -0.001  -4.241   0.002      -0.001  -1.000   0.000       0.707   0.000   0.707
    1      -0.001  -0.001   4.228      -0.001  -0.002   1.000      -0.707   0.707   0.001
[end]
[start]
[properties]
name = Copper paddlewheel
metal = True
index = 2
[coordinates]
default:
    O       1.755  -0.181  -1.376
    O      -1.755   0.181  -1.376
    O      -0.181   1.755   1.376
    O       0.181  -1.755   1.376
    O      -1.755   0.181   1.376
    O       1.755  -0.181   1.376
    O       0.181  -1.755  -1.376
    O      -0.181   1.755  -1.376
   Cu       0.929   0.929   0.000
   Cu      -0.929  -0.929   0.000
    C       1.233  -1.233  -1.810
    C      -1.233   1.233  -1.810
    C      -1.233   1.233   1.810
    C       1.233  -1.233   1.810
[connectivity]
pcu:
    1       1.565  -1.565   2.393       0.443  -0.443   0.779      -0.723  -0.691   0.018
    1      -1.565   1.565   2.393      -0.443   0.443   0.779       0.723   0.691   0.018
    1      -1.565   1.565  -2.393      -0.443   0.443  -0.779      -0.691  -0.723  -0.018
    1       1.565  -1.565  -2.393       0.443  -0.443  -0.779       0.691   0.723  -0.018
nbo:
    1       1.565  -1.565   2.393       0.443  -0.443   0.779      -0.723  -0.691   0.018
    1      -1.565   1.565   2.393      -0.443   0.443   0.779       0.723   0.691   0.018
    1      -1.565   1.565  -2.393      -0.443   0.443  -0.779      -0.691  -0.723  -0.018
    1       1.565  -1.565  -2.393       0.443  -0.443  -0.779       0.691   0.723  -0.018
metallic:
    1       1.649   1.624   0.000       0.527   0.519   0.000       0.517  -0.526  -0.061
    1      -1.649  -1.624  -0.000      -0.527  -0.519   0.000      -0.517   0.526   0.061
[end]
[start]
[properties]
metal = True
name = Zn paddlewheel
index = 3
[coordinates]
default:
    O       -1.398  -1.096   1.417
    O       -1.398   1.096  -1.417
    O       -1.398  -1.096  -1.417
    O       -1.398   1.096   1.417
    C       -1.761   0.000   1.837
    C       -1.761   0.000  -1.837
    O        1.398   1.096   1.417
    O        1.398  -1.096  -1.417
    O        1.398   1.096  -1.417
    O        1.398  -1.096   1.417
    Zn       0.000  -1.474   0.000
    Zn       0.000   1.473   0.000
    C        1.761   0.000   1.837
    C        1.761   0.000  -1.837
    C        0.000   0.000   0.000
[connectivity]
pcu:
    1       -2.282   0.000   2.392      -0.686   0.000   0.728       0.018   0.999   0.017
    1       -2.282   0.000  -2.392      -0.686   0.000  -0.728       0.018   0.999  -0.017
    1        2.282   0.000  -2.392       0.686   0.000  -0.728      -0.018   0.999  -0.017
    1        2.282   0.000   2.392       0.686   0.000   0.728      -0.018   0.999   0.017
metallic:
    1        0.000   2.473  -0.000       0.000   0.740   0.000       0.736   0.000  -0.076
    1        0.000  -2.474  -0.000       0.000  -0.740   0.000      -0.736   0.000   0.076
[end]
[start]
[properties]
index = 6
name = wilmer6
metal = False
[coordinates]
default:
    C      -0.739   1.189  -0.007
    H      -1.309   2.106  -0.012
    C       0.614   1.208   0.352
    H       1.088   2.140   0.623
    C       1.353   0.019   0.358
    C       0.739  -1.189   0.007
    H       1.309  -2.106   0.012
    C      -0.614  -1.208  -0.351
    H      -1.088  -2.140  -0.623
    C      -1.353  -0.019  -0.358
metallic:
    C      -0.739   1.189  -0.007
    H      -1.309   2.106  -0.012
    C       0.614   1.208   0.352
    H       1.088   2.140   0.623
    N       1.353   0.019   0.358
    C       0.739  -1.189   0.007
    H       1.309  -2.106   0.012
    C      -0.614  -1.208  -0.351
    H      -1.088  -2.140  -0.623
    N      -1.353  -0.019  -0.358
[connectivity]
nbo:
    1      -2.077  -0.029  -0.550      -0.973  -0.017  -0.234      -0.045   0.992   0.117
    1       2.077   0.029   0.550       0.947   0.003   0.323       0.319   0.151  -0.935
pcu:
    1      -2.074  -0.028  -0.559      -0.970  -0.015  -0.247      -0.050   0.989   0.134
    1       2.084   0.033   0.520       0.966   0.049   0.256       0.083  -0.988  -0.125
metallic:
    1      -2.320  -0.033  -0.615      -0.966  -0.013  -0.256      -0.051   0.989   0.143
    1       2.320   0.033   0.614       0.966   0.013   0.257       0.051  -0.989  -0.142
[end]
[start]
[properties]
index = 7
name = wilmer7
metal = False
[coordinates]
default:
    C      -3.559   0.001   0.002
    C      -2.859   0.859  -0.855
    C      -1.459   0.859  -0.855
    C      -0.759  -0.000  -0.000
    C      -1.459  -0.858   0.857
    C      -2.859  -0.858   0.858
    C       1.459  -0.858   0.856
    C       2.859  -0.859   0.855
    C       2.859   0.858  -0.858
    C       1.459   0.858  -0.857
    C       0.759  -0.000  -0.000
    C       3.559  -0.001  -0.002
    H      -3.429   1.558  -1.552
    H       0.889  -1.557   1.553
    H       3.429  -1.558   1.552
    H      -0.890   1.558  -1.553
    H       0.888   1.557  -1.554
    H       3.428   1.557  -1.555
    H      -0.889  -1.557   1.554
    H      -3.429  -1.557   1.555
metallic:
    N      -3.559   0.001   0.002
    C      -2.859   0.859  -0.855
    C      -1.459   0.859  -0.855
    C      -0.759  -0.000  -0.000
    C      -1.459  -0.858   0.857
    C      -2.859  -0.858   0.858
    C       1.459  -0.858   0.856
    C       2.859  -0.859   0.855
    C       2.859   0.858  -0.858
    C       1.459   0.858  -0.857
    C       0.759  -0.000  -0.000
    N       3.559  -0.001  -0.002
    H      -3.429   1.558  -1.552
    H       0.889  -1.557   1.553
    H       3.429  -1.558   1.552
    H      -0.890   1.558  -1.553
    H       0.888   1.557  -1.554
    H       3.428   1.557  -1.555
    H      -0.889  -1.557   1.554
    H      -3.429  -1.557   1.555
[connectivity]
nbo:
    1      -4.316   0.008  -0.032      -1.000  -0.026   0.021      -0.003   0.691   0.722
    1       4.292   0.087  -0.079       0.998  -0.043   0.042       0.060   0.740  -0.670
pcu:
    1      -4.307  -0.012  -0.027      -1.000   0.014   0.030       0.034  -0.711   0.702
    1       4.302   0.066  -0.068       1.000   0.009  -0.005      -0.010   0.711  -0.703
metallic:
    1      -4.558  -0.017  -0.037      -1.000   0.014   0.030       0.034  -0.711   0.702
    1       4.551   0.089  -0.090       1.000   0.009  -0.005      -0.010   0.711  -0.703
[end]
[start]
[properties]
index = 8
name = wilmer8
metal = False
[coordinates]
default:
    C       5.666   0.766   0.003
    C       4.810   1.874   0.003
    C       3.423   1.686   0.002
    C       2.892   0.391   0.002
    C       3.748  -0.717   0.002
    C       5.135  -0.530   0.003
    C       0.819  -0.827  -0.779
    C      -0.569  -1.014  -0.780
    C      -1.387  -0.188  -0.001
    C      -0.819   0.827   0.779
    C       0.569   1.014   0.780
    C       1.387   0.187   0.001
    C      -3.748   0.717  -0.002
    C      -5.135   0.529  -0.003
    C      -4.810  -1.874  -0.003
    C      -3.423  -1.686  -0.002
    C      -2.892  -0.391  -0.002
    C      -5.666  -0.766  -0.003
    H       5.243   2.928   0.003
    H       5.832  -1.432   0.003
    H      -2.726  -2.588  -0.002
    H      -1.032  -1.840  -1.415
    H       1.485  -1.500  -1.413
    H       2.726   2.588   0.002
    H      -1.485   1.500   1.413
    H       1.032   1.840   1.415
    H      -3.315   1.772  -0.002
    H      -5.832   1.432  -0.003
    H       3.315  -1.772   0.002
    H      -5.243  -2.928  -0.004
metallic:
    N       5.666   0.766   0.003
    C       4.810   1.874   0.003
    C       3.423   1.686   0.002
    C       2.892   0.391   0.002
    C       3.748  -0.717   0.002
    C       5.135  -0.530   0.003
    C       0.819  -0.827  -0.779
    C      -0.569  -1.014  -0.780
    C      -1.387  -0.188  -0.001
    C      -0.819   0.827   0.779
    C       0.569   1.014   0.780
    C       1.387   0.187   0.001
    C      -3.748   0.717  -0.002
    C      -5.135   0.529  -0.003
    C      -4.810  -1.874  -0.003
    C      -3.423  -1.686  -0.002
    C      -2.892  -0.391  -0.002
    N      -5.666  -0.766  -0.003
    H       5.243   2.928   0.003
    H       5.832  -1.432   0.003
    H      -2.726  -2.588  -0.002
    H      -1.032  -1.840  -1.415
    H       1.485  -1.500  -1.413
    H       2.726   2.588   0.002
    H      -1.485   1.500   1.413
    H       1.032   1.840   1.415
    H      -3.315   1.772  -0.002
    H      -5.832   1.432  -0.003
    H       3.315  -1.772   0.002
    H      -5.243  -2.928  -0.004
[connectivity]
nbo:
    1      -6.408  -0.827  -0.017      -0.992  -0.132   0.021      -0.132   0.991  -0.013
    1       6.413   0.878   0.009       0.989   0.131   0.073       0.070   0.023  -0.997
pcu:
    1      -6.409  -0.866  -0.004      -0.991  -0.134   0.000       0.134  -0.991   0.000
    1       6.409   0.866   0.004       0.991   0.134   0.000      -0.134   0.991   0.000
metallic:
    1      -6.657  -0.900  -0.004      -0.992  -0.134   0.000       0.133  -0.990   0.000
    1       6.657   0.900   0.004       0.992   0.134   0.000      -0.133   0.990   0.000
[end]
[start]
[properties]
index = 9
name = wilmer9
metal = False
[coordinates]
default:
    C       0.727   1.382   0.000
    C      -0.503   0.714   0.000
    C      -0.540  -0.686   0.000
    C       1.884  -0.749   0.000
    C       1.921   0.650   0.000
    C      -1.903   0.750   0.000
    C      -1.940  -0.649   0.000
    C       0.653  -1.417   0.000
    H       2.856  -1.345   0.000
    H       2.922   1.194   0.000
    H      -2.326   1.196  -0.961
    H      -2.269   1.298   0.930
    H      -2.385  -1.072   0.960
    H      -2.334  -1.176  -0.931
metallic:
    N       0.701   1.382   0.000
    C      -0.529   0.714   0.000
    C      -0.566  -0.686   0.000
    C       1.858  -0.749   0.000
    C       1.895   0.650   0.000
    C      -1.929   0.750   0.000
    C      -1.966  -0.649   0.000
    N       0.627  -1.417   0.000
    H       2.830  -1.345   0.000
    H       2.896   1.194   0.000
    H      -2.352   1.196  -0.961
    H      -2.295   1.298   0.930
    H      -2.411  -1.072   0.960
    H      -2.360  -1.176  -0.931
[connectivity]
nbo:
    1       0.637  -2.167  -0.015      -0.019  -1.000   0.010      -0.999   0.019  -0.003
    1       0.718   2.130   0.045       0.020   0.997   0.085      -0.020   0.085  -0.995
pcu:
    1       0.634  -2.166   0.000      -0.027  -1.000   0.000       0.117  -0.003   0.993
    1       0.747   2.130   0.000       0.026   1.000   0.000      -0.118   0.003  -0.993
metallic:
    1       0.601  -2.417   0.000      -0.026  -1.000   0.000       0.118  -0.003   0.993
    1       0.727   2.381   0.000       0.026   1.000   0.000      -0.117   0.003  -0.993
[end]
[start]
[properties]
index = 10
name = wilmer10
metal = False
[coordinates]
default:
    C      -0.601   0.071  -0.000
    C       0.601  -0.071   0.000
metallic:
    N      -0.601   0.071  -0.000
    N       0.601  -0.071   0.000
[connectivity]
nbo:
    1      -1.344   0.162  -0.003      -0.995   0.106   0.015       0.107   0.975   0.189
    1       1.339  -0.138   0.019       0.989  -0.125   0.078       0.102   0.205  -0.973
pcu:
    1      -1.345   0.159  -0.000      -0.993   0.118   0.000       0.081   0.876  -0.476
    1       1.345  -0.159   0.000       0.993  -0.118   0.000      -0.046  -0.879   0.475
metallic:
    1      -1.594   0.189  -0.000      -0.993   0.118   0.000       0.080   0.875  -0.476
    1       1.594  -0.189   0.000       0.993  -0.118   0.000      -0.046  -0.878   0.475
[end]
[start]
[properties]
index = 11
name = wilmer11
metal = False
[coordinates]
default:
    C       4.092   0.541  -0.000
    C       0.535   1.294   0.000
    C      -0.853   1.110   0.000
    C      -0.535  -1.294  -0.000
    C       0.853  -1.110   0.000
    C       1.388   0.184  -0.000
    C      -1.388  -0.184   0.000
    C      -2.893  -0.383   0.000
    C       2.893   0.383  -0.000
    C      -4.092  -0.541   0.000
    H       0.970   2.347   0.000
    H      -1.547   2.014   0.000
    H      -0.971  -2.347   0.000
    H       1.547  -2.014   0.000
metallic:
    N       4.092   0.541  -0.000
    C       0.535   1.294   0.000
    C      -0.853   1.110   0.000
    C      -0.535  -1.294  -0.000
    C       0.853  -1.110   0.000
    C       1.388   0.184  -0.000
    C      -1.388  -0.184   0.000
    C      -2.893  -0.383   0.000
    C       2.893   0.383  -0.000
    N      -4.092  -0.541   0.000
    H       0.970   2.347   0.000
    H      -1.547   2.014   0.000
    H      -0.971  -2.347   0.000
    H       1.547  -2.014   0.000
[connectivity]
nbo:
    1      -4.836  -0.630  -0.006      -0.989  -0.152  -0.001      -0.006   0.032   0.999
    1       4.836   0.630   0.006       0.999   0.058   0.002      -0.058   0.998  -0.006
pcu:
    1       4.835   0.640  -0.000       0.992   0.131   0.000      -0.016   0.116   0.992
    1      -4.835  -0.640   0.000      -0.992  -0.131   0.000       0.016  -0.116  -0.992
metallic:
    1       5.084   0.673  -0.000       0.991   0.131   0.000      -0.016   0.116   0.992
    1      -5.084  -0.673   0.000      -0.991  -0.131   0.000       0.016  -0.116  -0.992
[end]
[start]
[properties]
index = 12 
name = wilmer12
metal = False
[coordinates]
default:
    H      -4.459  -2.816   0.000
    H      -1.941  -2.479   0.000
    H       2.525  -1.881   0.000
    H       5.042  -1.544  -0.000
    C       4.879   0.653  -0.000
    C       4.025   1.762  -0.000
    C       2.637   1.576  -0.000
    C       2.104   0.282  -0.000
    C       2.959  -0.827  -0.000
    C       4.347  -0.641  -0.000
    C      -2.637  -1.576   0.000
    C      -4.025  -1.762   0.000
    C      -4.346   0.641   0.000
    C      -2.959   0.827   0.000
    C      -2.104  -0.282   0.000
    C      -0.600  -0.080   0.000
    C       0.600   0.080  -0.000
    C      -4.879  -0.653   0.000
    H       4.459   2.816  -0.000
    H      -2.525   1.881   0.000
    H      -5.042   1.544   0.000
    H       1.941   2.479  -0.000
metallic:
    H      -4.459  -2.816   0.000
    H      -1.941  -2.479   0.000
    H       2.525  -1.881   0.000
    H       5.042  -1.544  -0.000
    N       4.879   0.653  -0.000
    C       4.025   1.762  -0.000
    C       2.637   1.576  -0.000
    C       2.104   0.282  -0.000
    C       2.959  -0.827  -0.000
    C       4.347  -0.641  -0.000
    C      -2.637  -1.576   0.000
    C      -4.025  -1.762   0.000
    C      -4.346   0.641   0.000
    C      -2.959   0.827   0.000
    C      -2.104  -0.282   0.000
    C      -0.600  -0.080   0.000
    C       0.600   0.080  -0.000
    N      -4.879  -0.653   0.000
    H       4.459   2.816  -0.000
    H      -2.525   1.881   0.000
    H      -5.042   1.544   0.000
    H       1.941   2.479  -0.000
[connectivity]
nbo:
    1      -5.638  -0.760  -0.007      -0.990  -0.135   0.023      -0.133   0.989   0.053
    1       5.596   0.758  -0.001       0.990   0.128   0.071       0.060   0.087  -0.994
pcu:
    1       5.622   0.753  -0.000       0.991   0.132   0.000      -0.016   0.116   0.992
    1      -5.622  -0.753   0.000      -0.991  -0.132   0.001       0.016  -0.116  -0.992
metallic:
    1       5.871   0.786  -0.000       0.991   0.133  -0.001      -0.016   0.117   0.992
    1      -5.871  -0.786   0.000      -0.991  -0.133   0.001       0.016  -0.117  -0.992
[end]
[start]
[properties]
index = 13 
name = wilmer13
metal = False
[coordinates]
default:
    C       4.565  -0.218  -0.228
    C       3.784   0.941  -0.135
    C       2.389   0.842  -0.073
    C       1.775  -0.416  -0.105
    C       2.555  -1.574  -0.197
    C       3.950  -1.475  -0.259
    C      -2.389  -0.842   0.073
    C      -3.784  -0.941   0.135
    C      -1.775   0.416   0.105
    N       0.348  -0.517  -0.041
    N      -0.349   0.517   0.042
    C      -4.565   0.218   0.228
    H      -4.285  -1.965   0.109
    H      -1.754  -1.785  -0.002
    H       2.055  -2.598  -0.223
    H       4.586  -2.418  -0.335
    C      -3.950   1.475   0.259
    C      -2.555   1.574   0.197
    H      -4.586   2.418   0.335
    H       1.754   1.785   0.002
    H      -2.055   2.598   0.223
    H       4.284   1.965  -0.110
metallic:
    N       4.565  -0.218  -0.228
    C       3.784   0.941  -0.135
    C       2.389   0.842  -0.073
    C       1.775  -0.416  -0.105
    C       2.555  -1.574  -0.197
    C       3.950  -1.475  -0.259
    C      -2.389  -0.842   0.073
    C      -3.784  -0.941   0.135
    C      -1.775   0.416   0.105
    N       0.348  -0.517  -0.041
    N      -0.349   0.517   0.042
    N      -4.565   0.218   0.228
    H      -4.285  -1.965   0.109
    H      -1.754  -1.785  -0.002
    H       2.055  -2.598  -0.223
    H       4.586  -2.418  -0.335
    C      -3.950   1.475   0.259
    C      -2.555   1.574   0.197
    H      -4.586   2.418   0.335
    H       1.754   1.785   0.002
    H      -2.055   2.598   0.223
    H       4.284   1.965  -0.110
[connectivity]
pcu:
    1       5.311  -0.165  -0.261       0.997   0.071  -0.044      -0.068   0.996   0.051
    1      -5.311   0.165   0.261      -0.997  -0.071   0.044       0.068  -0.996  -0.051
metallic:
    1       5.561  -0.147  -0.272       0.997   0.071  -0.044      -0.068   0.996   0.051
    1      -5.561   0.147   0.272      -0.997  -0.071   0.044       0.068  -0.996  -0.051
[end]
[start]
[properties]
index = 14 
name = wilmer14
metal = False
[coordinates]
default:
    C      -5.025   2.728  -0.001
    C      -4.853   1.578  -0.780
    C      -3.623   0.910  -0.780
    C      -2.565   1.392  -0.001
    H      -2.166  -1.327   0.000
    C      -0.037   1.399   0.000
    C      -1.194  -0.732   0.000
    C      -1.230   0.668   0.000
    C       2.737  -2.542  -0.779
    C       3.967  -3.210  -0.778
    C      -2.737   2.542   0.779
    C      -3.967   3.210   0.778
    C       1.194   0.732   0.000
    C       1.230  -0.668   0.000
    C       5.025  -2.728   0.001
    C       4.853  -1.578   0.781
    C       3.623  -0.910   0.780
    C       2.565  -1.392   0.000
    C       0.037  -1.400   0.000
    H      -4.107   4.147   1.413
    H       4.108  -4.147  -1.413
    H      -6.027   3.272  -0.001
    H      -5.715   1.185  -1.415
    H      -3.482  -0.027  -1.414
    H       1.875  -2.935  -1.414
    H      -1.875   2.935   1.413
    H       2.166   1.327   0.000
    H       6.027  -3.272   0.001
    H       5.715  -1.185   1.415
    H       3.482   0.027   1.415
metallic:
    C      -5.025   2.728  -0.001
    C      -4.853   1.578  -0.780
    C      -3.623   0.910  -0.780
    C      -2.565   1.392  -0.001
    H      -2.166  -1.327   0.000
    N      -0.037   1.399   0.000
    C      -1.194  -0.732   0.000
    C      -1.230   0.668   0.000
    C       2.737  -2.542  -0.779
    C       3.967  -3.210  -0.778
    C      -2.737   2.542   0.779
    C      -3.967   3.210   0.778
    C       1.194   0.732   0.000
    C       1.230  -0.668   0.000
    C       5.025  -2.728   0.001
    C       4.853  -1.578   0.781
    C       3.623  -0.910   0.780
    C       2.565  -1.392   0.000
    N       0.037  -1.400   0.000
    H      -4.107   4.147   1.413
    H       4.108  -4.147  -1.413
    H      -6.027   3.272  -0.001
    H      -5.715   1.185  -1.415
    H      -3.482  -0.027  -1.414
    H       1.875  -2.935  -1.414
    H      -1.875   2.935   1.413
    H       2.166   1.327   0.000
    H       6.027  -3.272   0.001
    H       5.715  -1.185   1.415
    H       3.482   0.027   1.415
[connectivity]
nbo:
    1       0.029  -2.158  -0.060       0.017  -1.000   0.021      -0.993  -0.020  -0.113
    1      -0.055   2.139  -0.047      -0.027   0.997   0.073       0.085   0.075  -0.993
pcu:
    1       0.056  -2.148   0.000       0.027  -1.000   0.000       0.000   0.000   1.000
    1      -0.056   2.148   0.000      -0.027   1.000   0.000       0.000   0.000  -1.000
metallic:
    1       0.063  -2.399   0.000       0.026  -1.000   0.000       0.000   0.000   1.000
    1      -0.063   2.399   0.000      -0.026   1.000   0.000       0.000   0.000  -1.000
[end]
[start]
[properties]
index = 15 
name = wilmer15
metal = False
[coordinates]
default:
    C      -0.177  -0.640   0.033
    H       0.583  -1.455  -0.205
    C       0.177   0.640  -0.033
    H      -0.583   1.455   0.205
metallic:
    N      -0.177  -0.640   0.033
    H       0.583  -1.455  -0.205
    N       0.177   0.640  -0.033
    H      -0.583   1.455   0.205
[connectivity]
pcu:
    1      -0.877  -0.825   0.227      -0.934  -0.248   0.259      -0.273   0.026  -0.961
    1       0.877   0.825  -0.227       0.934   0.248  -0.259       0.273  -0.026   0.961
metallic:
    1      -1.111  -0.887   0.292      -0.934  -0.248   0.259      -0.273   0.026  -0.961
    1       1.111   0.887  -0.292       0.934   0.248  -0.259       0.273  -0.026   0.961
[end]
[start]
[properties]
index = 16 
name = wilmer16
metal = False
[coordinates]
default:
    C      -0.613  -1.419  -0.000
    C      -0.538   1.449   0.000
    C       0.596   0.755   0.000
    C       0.556  -0.785  -0.000
    H       1.597   1.300   0.000
    H       1.527  -1.382   0.000
    H      -1.540   0.904  -0.000
    H      -1.585  -0.822  -0.000
metallic:
    N      -0.572  -1.420  -0.000
    N      -0.497   1.448   0.000
    C       0.637   0.754   0.000
    C       0.597  -0.786  -0.000
    H       1.638   1.299   0.000
    H       1.568  -1.383   0.000
    H      -1.499   0.903  -0.000
    H      -1.544  -0.823  -0.000
[connectivity]
nbo:
    1      -0.496   2.164   0.003       0.029   0.999   0.025       0.999  -0.029  -0.033
    1      -0.619  -2.132  -0.003      -0.028  -0.998   0.069      -0.009  -0.069  -0.998
pcu:
    1      -0.633  -2.167  -0.000      -0.027  -1.000   0.000      -0.001   0.000   0.999
    1      -0.519   2.198   0.000       0.025   1.000   0.000       0.000   0.000  -0.999
metallic:
    1      -0.599  -2.419  -0.000      -0.027  -1.000   0.000       0.000   0.000   0.999
    1      -0.472   2.448   0.000       0.026   1.000   0.000       0.000   0.000  -0.999
[end]
[start]
[properties]
index = 17 
name = wilmer17
metal = False
[coordinates]
default:
    H       1.262   1.086  -0.029
    H      -1.261  -1.086   0.029
    C       0.777  -1.616   0.414
    C      -0.179  -0.740   0.115
    H      -1.860   1.270  -0.500
    C      -0.777   1.616  -0.414
    C       0.179   0.740  -0.115
    H       1.860  -1.270   0.501
metallic:
    H       1.262   1.086  -0.029
    H      -1.261  -1.086   0.029
    N       0.777  -1.616   0.414
    C      -0.179  -0.740   0.115
    H      -1.860   1.270  -0.500
    N      -0.777   1.616  -0.414
    C       0.179   0.740  -0.115
    H       1.860  -1.270   0.501
[connectivity]
pcu:
    1       0.603  -2.336   0.526      -0.232  -0.961   0.149       0.136  -0.183  -0.973
    1      -0.603   2.336  -0.526       0.232   0.961  -0.149      -0.136   0.184   0.973
metallic:
    1       0.545  -2.577   0.563      -0.232  -0.962   0.150       0.136  -0.184  -0.973
    1      -0.545   2.577  -0.564       0.232   0.962  -0.149      -0.136   0.184   0.973
[end]
[start]
[properties]
index = 19 
name = wilmer19
metal = False
[coordinates]
default:
    C      -2.515   0.040   0.210
    C       2.515  -0.040  -0.210
    C       0.739  -1.690  -0.164
    C       2.100  -1.376  -0.257
    C       1.568   0.982  -0.070
    C       0.207   0.668   0.023
    C      -0.207  -0.668  -0.023
    C      -1.568  -0.982   0.070
    C      -2.100   1.376   0.257
    C      -0.739   1.690   0.164
    H      -1.906  -2.070   0.032
    H      -2.871   2.208   0.371
    H       0.401  -2.778  -0.202
    H      -0.401   2.778   0.202
    H       2.870  -2.208  -0.371
    H       1.906   2.070  -0.031
metallic:
    N      -2.515   0.040   0.210
    N       2.515  -0.040  -0.210
    C       0.739  -1.690  -0.164
    C       2.100  -1.376  -0.257
    C       1.568   0.982  -0.070
    C       0.207   0.668   0.023
    C      -0.207  -0.668  -0.023
    C      -1.568  -0.982   0.070
    C      -2.100   1.376   0.257
    C      -0.739   1.690   0.164
    H      -1.906  -2.070   0.032
    H      -2.871   2.208   0.371
    H       0.401  -2.778  -0.202
    H      -0.401   2.778   0.202
    H       2.870  -2.208  -0.371
    H       1.906   2.070  -0.031
[connectivity]
pcu:
    1       3.243   0.128  -0.260       0.973   0.225  -0.067      -0.082   0.061  -0.994
    1      -3.243  -0.128   0.260      -0.973  -0.225   0.067       0.082  -0.061   0.994
metallic:
    1       3.487   0.185  -0.277       0.973   0.224  -0.066      -0.082   0.060  -0.994
    1      -3.487  -0.185   0.277      -0.973  -0.224   0.066       0.082  -0.060   0.994
[end]
[start]
[properties]
index = 20 
name = wilmer20
metal = False
[coordinates]
default:
    H      -3.464  -1.179  -0.000
    C      -1.195   1.432  -0.000
    C      -0.001   0.700   0.000
    C      -0.038  -0.699  -0.000
    C      -2.462  -0.635  -0.000
    C      -2.425   0.764  -0.000
    C       1.230   1.368   0.000
    C       2.423   0.636   0.000
    C       2.386  -0.763   0.000
    C       1.156  -1.431   0.000
    C      -1.268  -1.367  -0.000
    H       1.260   2.508   0.000
    H      -3.397   1.360  -0.000
    H       3.425   1.180   0.000
    H       3.358  -1.359   0.000
    H       1.126  -2.571  -0.000
metallic:
    H      -3.426  -1.180  -0.000
    N      -1.157   1.431  -0.000
    C       0.037   0.699   0.000
    C      -0.000  -0.700  -0.000
    C      -2.424  -0.636  -0.000
    C      -2.387   0.763  -0.000
    C       1.268   1.367   0.000
    C       2.461   0.635   0.000
    C       2.424  -0.764   0.000
    C       1.194  -1.432   0.000
    N      -1.230  -1.368  -0.000
    H       1.298   2.507   0.000
    H      -3.359   1.359  -0.000
    H       3.463   1.179   0.000
    H       3.396  -1.360   0.000
    H       1.164  -2.572  -0.000
[connectivity]
nbo:
    1      -1.286  -2.099   0.015      -0.019  -1.000   0.021      -1.000   0.019  -0.003
    1      -1.203   2.197   0.024       0.020   0.998   0.073      -0.022   0.074  -0.996
pcu:
    1      -1.288  -2.116  -0.000      -0.026  -1.000   0.000       0.000   0.000   0.999
    1      -1.175   2.181   0.000       0.027   1.000   0.000       0.000   0.000  -0.999
metallic:
    1      -1.257  -2.368  -0.000      -0.026  -1.000   0.000       0.000   0.000   0.999
    1      -1.130   2.431   0.000       0.026   1.000   0.000       0.000   0.000  -0.999
[end]
[start]
[properties]
index = 21 
name = wilmer21
metal = False
[coordinates]
default:
    C       0.037   1.400  -0.000
    C       2.461   1.336  -0.000
    C       3.654   0.604  -0.001
    C       3.618  -0.796  -0.001
    C       2.387  -1.463  -0.000
    C       1.194  -0.732  -0.000
    C       1.231   0.668  -0.000
    H       4.656   1.148  -0.001
    H       4.589  -1.391  -0.001
    H       2.491   2.475  -0.001
    C      -1.230  -0.668  -0.000
    C      -1.194   0.732  -0.000
    C      -2.461  -1.336   0.001
    C      -3.655  -0.604   0.001
    C      -3.618   0.796   0.001
    C      -2.387   1.463  -0.000
    C      -0.037  -1.400  -0.000
    H       2.357  -2.603  -0.000
    H      -2.357   2.603  -0.000
    H      -4.656  -1.148   0.001
    H      -2.491  -2.475   0.001
    H      -4.590   1.391   0.001
metallic:
    N       0.037   1.400  -0.000
    C       2.461   1.336  -0.000
    C       3.654   0.604  -0.001
    C       3.618  -0.796  -0.001
    C       2.387  -1.463  -0.000
    C       1.194  -0.732  -0.000
    C       1.231   0.668  -0.000
    H       4.656   1.148  -0.001
    H       4.589  -1.391  -0.001
    H       2.491   2.475  -0.001
    C      -1.230  -0.668  -0.000
    C      -1.194   0.732  -0.000
    C      -2.461  -1.336   0.001
    C      -3.655  -0.604   0.001
    C      -3.618   0.796   0.001
    C      -2.387   1.463  -0.000
    N      -0.037  -1.400  -0.000
    H       2.357  -2.603  -0.000
    H      -2.357   2.603  -0.000
    H      -4.656  -1.148   0.001
    H      -2.491  -2.475   0.001
    H      -4.590   1.391   0.001
[connectivity]
nbo:
    1      -0.041  -2.148  -0.005      -0.020  -1.000   0.022      -1.000   0.019  -0.002
    1       0.041   2.148   0.004       0.021   0.998   0.073      -0.021   0.074  -0.996
pcu:
    1      -0.057  -2.148  -0.000      -0.026  -1.000   0.000       0.000   0.000   1.000
    1       0.057   2.148  -0.000       0.026   1.000   0.000       0.000   0.000  -1.000
metallic:
    1      -0.063  -2.399  -0.000      -0.027  -1.000   0.000       0.000   0.000   1.000
    1       0.063   2.399  -0.000       0.027   1.000   0.000       0.000   0.000  -1.000
[end]
[start]
[properties]
index = 22 
name = wilmer22
metal = False
[coordinates]
default:
    C       2.506   1.433  -0.512
    H       2.942   3.587  -0.353
    H       2.951  -1.169  -0.974
    H       3.566   1.173  -0.841
    C       0.860   3.082   0.161
    C      -2.630  -2.295   0.434
    C      -2.973  -0.964   0.703
    C      -2.015   0.047   0.567
    C      -0.713  -0.272   0.163
    C      -0.369  -1.602  -0.105
    C       0.245   0.740   0.028
    C       1.547   0.421  -0.376
    C       1.891  -0.909  -0.645
    C       0.933  -1.921  -0.509
    C      -0.098   2.070   0.296
    C       2.162   2.763  -0.243
    C      -1.328  -2.613   0.030
    H      -1.158   2.330   0.625
    H      -3.410  -3.118   0.544
    H      -2.295   1.130   0.786
    H      -4.033  -0.705   1.032
    H       1.212  -3.004  -0.728
metallic:
    C       2.511   1.428  -0.514
    H       2.947   3.582  -0.355
    H       2.956  -1.174  -0.976
    H       3.571   1.168  -0.843
    N       0.865   3.077   0.159
    C      -2.625  -2.300   0.432
    C      -2.968  -0.969   0.701
    C      -2.010   0.042   0.565
    C      -0.708  -0.277   0.161
    C      -0.364  -1.607  -0.107
    C       0.250   0.735   0.026
    C       1.552   0.416  -0.378
    C       1.896  -0.914  -0.647
    C       0.938  -1.926  -0.511
    C      -0.093   2.065   0.294
    C       2.167   2.758  -0.245
    N      -1.323  -2.618   0.028
    H      -1.153   2.325   0.623
    H      -3.405  -3.123   0.542
    H      -2.290   1.125   0.784
    H      -4.028  -0.710   1.030
    H       1.217  -3.009  -0.730
[connectivity]
pcu:
    1      -1.144  -3.325  -0.114       0.246  -0.951  -0.191      -0.266   0.124  -0.955
    1       0.676   3.794   0.305      -0.245   0.950   0.192       0.266  -0.125   0.955
metallic:
    1      -1.077  -3.569  -0.164       0.245  -0.950  -0.192      -0.266   0.125  -0.955
    1       0.620   4.027   0.351      -0.246   0.951   0.192       0.266  -0.124   0.955
[end]
[start]
[properties]
index = 23 
name = wilmer23
metal = False
[coordinates]
default:
    C      -1.265  -2.777  -0.000
    C      -1.239  -1.377  -0.000
    C      -1.186   1.423  -0.000
    C      -2.411   0.746  -0.000
    C      -2.438  -0.654  -0.000
    C      -1.159   2.822  -0.000
    H      -2.136   3.411  -0.000
    H      -2.263  -3.328  -0.000
    H      -3.388   1.334  -0.000
    H      -3.435  -1.205  -0.001
    C       0.066   3.499  -0.000
    C       1.159  -2.822  -0.000
    C       1.186  -1.423  -0.000
    C      -0.013  -0.700  -0.000
    C       2.411  -0.746  -0.000
    C       2.438   0.654  -0.000
    C       1.239   1.377  -0.000
    C       0.013   0.700  -0.000
    C       1.265   2.777  -0.000
    C      -0.066  -3.499  -0.000
    H       2.263   3.328  -0.000
    H       3.436   1.205   0.001
    H       3.387  -1.334   0.001
    H       2.136  -3.411  -0.000
metallic:
    C      -1.265  -2.777  -0.000
    C      -1.239  -1.377  -0.000
    C      -1.186   1.423  -0.000
    C      -2.411   0.746  -0.000
    C      -2.438  -0.654  -0.000
    C      -1.159   2.822  -0.000
    H      -2.136   3.411  -0.000
    H      -2.263  -3.328  -0.000
    H      -3.388   1.334  -0.000
    H      -3.435  -1.205  -0.001
    N       0.066   3.499  -0.000
    C       1.159  -2.822  -0.000
    C       1.186  -1.423  -0.000
    C      -0.013  -0.700  -0.000
    C       2.411  -0.746  -0.000
    C       2.438   0.654  -0.000
    C       1.239   1.377  -0.000
    C       0.013   0.700  -0.000
    C       1.265   2.777  -0.000
    N      -0.066  -3.499  -0.000
    H       2.263   3.328  -0.000
    H       3.436   1.205   0.001
    H       3.387  -1.334   0.001
    H       2.136  -3.411  -0.000
[connectivity]
nbo:
    1      -0.125  -4.255   0.001      -0.004  -1.001  -0.002      -0.026  -0.002   0.999
    1       0.109   4.239   0.015       0.099   0.996   0.003      -0.994   0.099   0.001
pcu:
    1      -0.080  -4.248  -0.000      -0.019  -1.001   0.000       0.000   0.000   1.000
    1       0.080   4.248  -0.000       0.019   1.000   0.000       0.000   0.000  -1.000
metallic:
    1      -0.085  -4.499  -0.000      -0.019  -1.000   0.000       0.000   0.000   1.000
    1       0.085   4.499  -0.000       0.019   1.000   0.000       0.000   0.000  -1.000
[end]
[start]
[properties]
index = 24 
name = wilmer24
metal = False
[coordinates]
default:
    C      -3.744   1.324  -1.536
    C       3.744  -1.324   1.536
    C      -2.309   0.197  -3.133
    C      -3.512   0.847  -2.831
    C      -2.774   1.150  -0.542
    C      -1.571   0.499  -0.843
    C      -1.339   0.023  -2.139
    C      -0.601   0.325   0.151
    C       0.601  -0.325  -0.151
    C       0.834  -0.802  -1.447
    C      -0.137  -0.628  -2.441
    C      -0.833   0.802   1.447
    C       0.137   0.628   2.441
    C       1.339  -0.023   2.139
    C       1.572  -0.499   0.843
    C       2.309  -0.197   3.133
    C       3.512  -0.847   2.832
    C       2.774  -1.150   0.542
    H       0.052  -1.016  -3.496
    H       2.963  -1.538  -0.513
    H       4.302  -0.989   3.641
    H      -0.052   1.016   3.496
    H      -2.120  -0.191  -4.189
    H      -4.302   0.989  -3.641
    H      -2.963   1.538   0.513
    H       1.813  -1.331  -1.692
    H      -1.813   1.331   1.692
    H       2.120   0.191   4.188
metallic:
    N      -3.744   1.324  -1.536
    N       3.744  -1.324   1.536
    C      -2.309   0.197  -3.133
    C      -3.512   0.847  -2.831
    C      -2.774   1.150  -0.542
    C      -1.571   0.499  -0.843
    C      -1.339   0.023  -2.139
    C      -0.601   0.325   0.151
    C       0.601  -0.325  -0.151
    C       0.834  -0.802  -1.447
    C      -0.137  -0.628  -2.441
    C      -0.833   0.802   1.447
    C       0.137   0.628   2.441
    C       1.339  -0.023   2.139
    C       1.572  -0.499   0.843
    C       2.309  -0.197   3.133
    C       3.512  -0.847   2.832
    C       2.774  -1.150   0.542
    H       0.052  -1.016  -3.496
    H       2.963  -1.538  -0.513
    H       4.302  -0.989   3.641
    H      -0.052   1.016   3.496
    H      -2.120  -0.191  -4.189
    H      -4.302   0.989  -3.641
    H      -2.963   1.538   0.513
    H       1.813  -1.331  -1.692
    H      -1.813   1.331   1.692
    H       2.120   0.191   4.188
[connectivity]
pcu:
    1      -4.388   1.672  -1.375      -0.859   0.465   0.216       0.412   0.876  -0.248
    1       4.387  -1.672   1.374       0.860  -0.464  -0.215      -0.411  -0.876   0.249
metallic:
    1      -4.603   1.788  -1.321      -0.859   0.465   0.216       0.412   0.877  -0.248
    1       4.603  -1.788   1.320       0.859  -0.465  -0.215      -0.412  -0.877   0.249
[end]
[start]
[properties]
index = 25 
name = wilmer25
metal = False
[coordinates]
default:
    C       1.954   0.241   0.000
    C      -0.753  -0.093  -0.000
    C       0.753   0.093   0.000
    C      -1.954  -0.241  -0.000
metallic:
    N       1.954   0.241   0.000
    C      -0.753  -0.093  -0.000
    C       0.753   0.093   0.000
    N      -1.954  -0.241  -0.000
[connectivity]
nbo:
    1      -2.720  -0.282   0.001      -0.993  -0.116   0.018      -0.113   0.987   0.108
    1       2.681   0.335   0.028       0.992   0.104   0.075       0.060   0.141  -0.988
pcu:
    1      -2.698  -0.332  -0.000      -0.993  -0.122   0.000       0.122  -0.992   0.000
    1       2.698   0.332   0.000       0.992   0.123   0.001      -0.123   0.992   0.000
metallic:
    1      -2.947  -0.363  -0.000      -0.993  -0.122  -0.001       0.122  -0.992   0.000
    1       2.947   0.363   0.000       0.993   0.123   0.001      -0.123   0.992   0.000
[end]
[start]
[properties]
index = 26 
name = wilmer26
metal = False
[coordinates]
default:
    C       0.064   3.332   0.000
    C       0.041   2.123   0.000
    C       0.012   0.605   0.000
    C      -0.012  -0.605   0.000
    C      -0.041  -2.123   0.000
    C      -0.064  -3.332  -0.001
metallic:
    N       0.064   3.332   0.000
    C       0.041   2.123   0.000
    C       0.012   0.605   0.000
    C      -0.012  -0.605   0.000
    C      -0.041  -2.123   0.000
    N      -0.064  -3.332  -0.001
[connectivity]
nbo:
    1       0.102   4.126  -0.032       0.023   1.000   0.019       0.999  -0.023  -0.018
    1      -0.089  -4.036   0.003      -0.024  -0.997   0.075       0.007  -0.075  -0.997
pcu:
    1      -0.078  -4.081  -0.001      -0.020  -1.001   0.000       0.999  -0.019  -0.006
    1       0.079   4.081   0.001       0.019   1.001   0.000      -1.000   0.020   0.006
metallic:
    1      -0.083  -4.332  -0.001      -0.019  -1.000   0.000       0.999  -0.019  -0.006
    1       0.084   4.332   0.001       0.019   1.001   0.000      -1.000   0.020   0.006
[end]
[start]
[properties]
index = 27 
name = wilmer27
metal = False
[coordinates]
default:
    C      -0.261   3.103   0.001
    C      -0.539   0.389  -0.000
    C       0.539  -0.389  -0.000
    C       0.385  -1.899  -0.000
    C      -0.385   1.899  -0.000
    C       0.261  -3.103  -0.000
    H       1.579   0.079  -0.001
    H      -1.579  -0.079  -0.000
metallic:
    N      -0.261   3.103   0.001
    C      -0.539   0.389  -0.000
    C       0.539  -0.389  -0.000
    C       0.385  -1.899  -0.000
    C      -0.385   1.899  -0.000
    N       0.261  -3.103  -0.000
    H       1.579   0.079  -0.001
    H      -1.579  -0.079  -0.000
[connectivity]
pcu:
    1       0.185  -3.848  -0.001      -0.102  -0.995   0.000      -0.001   0.000  -0.999
    1      -0.185   3.848   0.001       0.102   0.995   0.000       0.000   0.000   0.999
metallic:
    1       0.159  -4.098  -0.001      -0.101  -0.995   0.000       0.000   0.001  -0.999
    1      -0.159   4.098   0.001       0.102   0.995   0.000       0.000  -0.001   0.999
[end]
[start]
[properties]
index = 28 
name = wilmer28
metal = False
[coordinates]
default:
    C      -0.854  -0.621  -1.271
    H      -1.150  -0.063  -2.220
    H      -1.358  -1.642  -1.328
    C       0.683  -0.819  -1.270
    H       0.917  -1.934  -1.317
    H       1.130  -0.365  -2.215
    H      -0.910   2.162  -0.900
    H       1.383   1.883  -0.912
    C      -0.593   1.547   0.006
    C      -0.860  -0.650   1.259
    C      -1.335   0.162   0.001
    H      -1.190  -0.137   2.221
    H      -1.355  -1.677   1.267
    C       1.331  -0.166   0.000
    C       0.945   1.358   0.000
    C       0.683  -0.812   1.275
    H       0.936  -1.921   1.352
    H       1.113  -0.331   2.215
    H      -0.893   2.163   0.916
    H       1.392   1.878   0.911
metallic:
    C      -0.854  -0.621  -1.271
    H      -1.150  -0.063  -2.220
    H      -1.358  -1.642  -1.328
    C       0.683  -0.819  -1.270
    H       0.917  -1.934  -1.317
    H       1.130  -0.365  -2.215
    H      -0.910   2.162  -0.900
    H       1.383   1.883  -0.912
    C      -0.593   1.547   0.006
    C      -0.860  -0.650   1.259
    N      -1.335   0.162   0.001
    H      -1.190  -0.137   2.221
    H      -1.355  -1.677   1.267
    N       1.331  -0.166   0.000
    C       0.945   1.358   0.000
    C       0.683  -0.812   1.275
    H       0.936  -1.921   1.352
    H       1.113  -0.331   2.215
    H      -0.893   2.163   0.916
    H       1.392   1.878   0.911
[connectivity]
nbo:
    1       2.068  -0.238   0.034       0.995  -0.108   0.028      -0.111  -0.984   0.139
    1      -2.089   0.229   0.013      -0.991   0.123   0.065      -0.084  -0.156  -0.984
pcu:
    1       2.074  -0.256   0.001       0.993  -0.120   0.000       0.061   0.505   0.860
    1      -2.079   0.252   0.000      -0.993   0.119  -0.001      -0.060  -0.505  -0.861
metallic:
    1       2.323  -0.286   0.001       0.993  -0.120   0.000       0.061   0.505   0.860
    1      -2.328   0.282  -0.001      -0.993   0.119  -0.001      -0.060  -0.505  -0.860
[end]
[start]
[properties]
index = 29 
name = wilmer29
metal = False
[coordinates]
default:
    C      -1.477  -0.752  -0.005
    C       0.736  -0.786  -1.258
    C       0.736   0.765  -1.275
    H      -2.015   1.188  -0.911
    H      -2.058  -1.114  -0.916
    H       1.809  -1.172  -1.267
    H       0.261  -1.169  -2.221
    H       0.211   1.141  -2.215
    H       1.812   1.133  -1.352
    C       0.072   4.069  -0.000
    C      -0.022  -1.344  -0.000
    C      -1.451   0.798  -0.000
    C       0.025   1.341  -0.000
    C       0.742   0.766   1.270
    C       0.706  -0.784   1.271
    C       0.051   2.859  -0.000
    C      -0.048  -2.862  -0.000
    C      -0.069  -4.072  -0.000
    H       0.183  -1.136   2.220
    H       1.774  -1.178   1.328
    H       0.244   1.163   2.215
    H      -2.056  -1.131   0.900
    H      -2.019   1.179   0.912
    H       1.826   1.116   1.317
metallic:
    C      -1.477  -0.752  -0.005
    C       0.736  -0.786  -1.258
    C       0.736   0.765  -1.275
    H      -2.015   1.188  -0.911
    H      -2.058  -1.114  -0.916
    H       1.809  -1.172  -1.267
    H       0.261  -1.169  -2.221
    H       0.211   1.141  -2.215
    H       1.812   1.133  -1.352
    N       0.072   4.069  -0.000
    C      -0.022  -1.344  -0.000
    C      -1.451   0.798  -0.000
    C       0.025   1.341  -0.000
    C       0.742   0.766   1.270
    C       0.706  -0.784   1.271
    C       0.051   2.859  -0.000
    C      -0.048  -2.862  -0.000
    N      -0.069  -4.072  -0.000
    H       0.183  -1.136   2.220
    H       1.774  -1.178   1.328
    H       0.244   1.163   2.215
    H      -2.056  -1.131   0.900
    H      -2.019   1.179   0.912
    H       1.826   1.116   1.317
[connectivity]
nbo:
    1       0.114   4.817  -0.021       0.024   1.000   0.019       0.999  -0.023  -0.017
    1      -0.111  -4.820   0.020      -0.024  -0.997   0.075       0.007  -0.075  -0.996
pcu:
    1      -0.082  -4.821  -0.001      -0.018  -1.000   0.000       0.516  -0.009   0.856
    1       0.085   4.818  -0.000       0.018   1.000   0.000      -0.516   0.009  -0.856
metallic:
    1      -0.087  -5.072  -0.001      -0.017  -1.000   0.000       0.516  -0.009   0.856
    1       0.090   5.069  -0.000       0.017   1.000   0.000      -0.516   0.009  -0.856
[end]
[start]
[properties]
index = 30 
name = wilmer30
metal = False
[coordinates]
default:
    C      -0.645  -0.429  -1.097
    C       0.645   0.429  -1.096
    H       1.190   0.807  -2.024
    H      -1.190  -0.806  -2.024
    C       0.035   1.317   0.000
    C      -1.254   0.479   0.000
    C      -0.645  -0.429   1.096
    C       0.645   0.429   1.097
    C       1.255  -0.479   0.000
    C      -0.035  -1.317  -0.001
    H      -2.314   0.899   0.001
    H      -1.191  -0.807   2.023
    H       1.190   0.804   2.026
    H       2.316  -0.896   0.001
metallic:
    C      -0.645  -0.429  -1.097
    C       0.645   0.429  -1.096
    H       1.190   0.807  -2.024
    H      -1.190  -0.806  -2.024
    N       0.035   1.317   0.000
    C      -1.254   0.479   0.000
    C      -0.645  -0.429   1.096
    C       0.645   0.429   1.097
    C       1.255  -0.479   0.000
    N      -0.035  -1.317  -0.001
    H      -2.314   0.899   0.001
    H      -1.191  -0.807   2.023
    H       1.190   0.804   2.026
    H       2.316  -0.896   0.001
[connectivity]
nbo:
    1      -0.082  -2.052  -0.003      -0.007  -1.000   0.002      -0.266   0.005   0.963
    1       0.041   2.080   0.010       0.099   0.995   0.021      -0.964   0.100  -0.241
pcu:
    1       0.055   2.066   0.000       0.026   1.000   0.000       0.882  -0.024   0.468
    1      -0.055  -2.066  -0.001      -0.026  -1.000   0.000      -0.882   0.024  -0.469
metallic:
    1       0.062   2.317   0.000       0.026   1.000   0.000       0.882  -0.024   0.468
    1      -0.061  -2.317  -0.001      -0.027  -1.000   0.000      -0.883   0.024  -0.469
[end]
[start]
[properties]
index = 31 
name = wilmer31
metal = False
[coordinates]
default:
    C       0.365   0.683  -1.096
    C      -0.365  -0.683  -1.097
    H      -0.687  -1.261  -2.025
    H       0.689   1.262  -2.023
    H       1.113  -2.219  -0.001
    C      -4.015  -0.494   0.000
    C       4.015   0.494   0.001
    C      -0.597   1.203   0.000
    C      -1.308  -0.161   0.000
    C       0.365   0.683   1.096
    C       1.308   0.161   0.000
    C      -0.365  -0.683   1.096
    C       0.597  -1.203   0.000
    C      -2.814  -0.346   0.000
    C       2.814   0.346   0.000
    H      -0.689  -1.261   2.024
    H       0.688   1.262   2.024
    H      -1.116   2.217  -0.001
metallic:
    C       0.365   0.683  -1.096
    C      -0.365  -0.683  -1.097
    H      -0.687  -1.261  -2.025
    H       0.689   1.262  -2.023
    H       1.113  -2.219  -0.001
    N      -4.015  -0.494   0.000
    N       4.015   0.494   0.001
    C      -0.597   1.203   0.000
    C      -1.308  -0.161   0.000
    C       0.365   0.683   1.096
    C       1.308   0.161   0.000
    C      -0.365  -0.683   1.096
    C       0.597  -1.203   0.000
    C      -2.814  -0.346   0.000
    C       2.814   0.346   0.000
    H      -0.689  -1.261   2.024
    H       0.688   1.262   2.024
    H      -1.116   2.217  -0.001
[connectivity]
nbo:
    1       4.746   0.560  -0.029       0.994   0.116   0.018       0.116  -0.993  -0.003
    1      -4.778  -0.552   0.026      -0.991  -0.114   0.076      -0.073  -0.031  -0.996
pcu:
    1       4.759   0.585   0.001       0.993   0.122   0.000      -0.025   0.200   0.979
    1      -4.759  -0.585   0.000      -0.993  -0.122   0.000       0.025  -0.200  -0.979
metallic:
    1       5.008   0.616   0.001       0.993   0.122   0.000      -0.025   0.200   0.979
    1      -5.008  -0.616   0.000      -0.993  -0.122   0.000       0.025  -0.200  -0.979
[end]
[start]
[properties]
index = 32 
name = wilmer32
metal = False
[coordinates]
default:
    C       4.600   0.013   0.001
    C       3.757  -1.104   0.001
    C       2.367  -0.933  -0.000
    C       1.821   0.356  -0.000
    C       2.664   1.474  -0.000
    C       4.053   1.302  -0.000
    C      -2.367   0.933  -0.000
    C      -3.757   1.104  -0.000
    C      -4.053  -1.303  -0.000
    C      -2.664  -1.474  -0.000
    C      -1.821  -0.356  -0.000
    C       0.400   0.531  -0.000
    C      -0.400  -0.531  -0.000
    C      -4.600  -0.014  -0.000
    H       4.202  -2.154   0.001
    H      -4.202   2.154  -0.000
    H      -4.740  -2.213  -0.000
    H       0.045  -1.580  -0.000
    H       2.219   2.523  -0.000
    H      -1.681   1.843  -0.000
    H       4.740   2.213  -0.000
    H      -0.045   1.580  -0.000
    H       1.681  -1.843  -0.000
    H      -2.219  -2.523  -0.000
metallic:
    N       4.600   0.013   0.001
    C       3.757  -1.104   0.001
    C       2.367  -0.933  -0.000
    C       1.821   0.356  -0.000
    C       2.664   1.474  -0.000
    C       4.053   1.302  -0.000
    C      -2.367   0.933  -0.000
    C      -3.757   1.104  -0.000
    C      -4.053  -1.303  -0.000
    C      -2.664  -1.474  -0.000
    C      -1.821  -0.356  -0.000
    C       0.400   0.531  -0.000
    C      -0.400  -0.531  -0.000
    N      -4.600  -0.014  -0.000
    H       4.202  -2.154   0.001
    H      -4.202   2.154  -0.000
    H      -4.740  -2.213  -0.000
    H       0.045  -1.580  -0.000
    H       2.219   2.523  -0.000
    H      -1.681   1.843  -0.000
    H       4.740   2.213  -0.000
    H      -0.045   1.580  -0.000
    H       1.681  -1.843  -0.000
    H      -2.219  -2.523  -0.000
[connectivity]
pcu:
    1       5.343  -0.078   0.001       0.993  -0.122   0.000       0.000   0.000   0.999
    1      -5.343   0.078  -0.001      -0.993   0.122   0.000       0.000   0.000  -0.999
metallic:
    1       5.592  -0.109   0.001       0.993  -0.122   0.000       0.000   0.000   0.999
    1      -5.592   0.109  -0.001      -0.993   0.122   0.000       0.000   0.000  -0.999
[end]
[start]
[properties]
index = 33 
name = wilmer33
metal = False
[coordinates]
default:
    N       0.893  -0.674  -0.757
    N       0.912   0.656  -0.757
    C       0.083   5.666   0.001
    C       1.285   4.949   0.001
    C       1.264   3.549   0.001
    C       0.042   2.867   0.001
    C      -1.160   3.584   0.001
    C      -1.140   4.984   0.001
    N      -0.893   0.682   0.757
    N      -0.912  -0.648   0.757
    C      -0.020  -1.351  -0.000
    C       0.020   1.349  -0.000
    C       1.160  -3.587  -0.001
    C       1.140  -4.986  -0.001
    C      -1.285  -4.951  -0.001
    C      -1.264  -3.551  -0.001
    C      -0.042  -2.869  -0.001
    C      -0.083  -5.669  -0.001
    H       2.280   5.504   0.002
    H      -2.119   5.568   0.001
    H       2.119  -5.571  -0.001
    H       2.243   2.964   0.001
    H      -2.156   3.029  -0.000
    H       2.156  -3.031  -0.000
    H      -2.280  -5.506  -0.002
    H      -2.243  -2.967  -0.001
metallic:
    N       0.893  -0.674  -0.757
    N       0.912   0.656  -0.757
    N       0.083   5.666   0.001
    C       1.285   4.949   0.001
    C       1.264   3.549   0.001
    C       0.042   2.867   0.001
    C      -1.160   3.584   0.001
    C      -1.140   4.984   0.001
    N      -0.893   0.682   0.757
    N      -0.912  -0.648   0.757
    C      -0.020  -1.351  -0.000
    C       0.020   1.349  -0.000
    C       1.160  -3.587  -0.001
    C       1.140  -4.986  -0.001
    C      -1.285  -4.951  -0.001
    C      -1.264  -3.551  -0.001
    C      -0.042  -2.869  -0.001
    N      -0.083  -5.669  -0.001
    H       2.280   5.504   0.002
    H      -2.119   5.568   0.001
    H       2.119  -5.571  -0.001
    H       2.243   2.964   0.001
    H      -2.156   3.029  -0.000
    H       2.156  -3.031  -0.000
    H      -2.280  -5.506  -0.002
    H      -2.243  -2.967  -0.001
[connectivity]
nbo:
    1       0.209   6.426   0.056       0.026   1.000   0.031       0.998  -0.024  -0.055
    1      -0.111  -6.423  -0.037      -0.023  -0.998   0.064      -0.030  -0.063  -0.997
pcu:
    1       0.094   6.415   0.002       0.014   1.000   0.000       0.000   0.000   0.999
    1      -0.094  -6.418  -0.002      -0.014  -1.000   0.000       0.000   0.001  -0.999
metallic:
    1       0.097   6.666   0.002       0.015   1.000   0.000       0.000   0.000   0.999
    1      -0.097  -6.669  -0.002      -0.015  -1.000   0.000       0.000   0.001  -0.999
[end]
[start]
[properties]
index = 34 
name = wilmer34
metal = False
[coordinates]
default:
    H      -3.397   1.310  -0.000
    H      -3.427  -1.229  -0.001
    C       0.093   7.839   0.002
    C       1.196  -1.414  -0.000
    C       1.179  -2.814  -0.001
    O       2.201  -3.551  -0.001
    N      -0.042  -3.500  -0.001
    C      -1.246  -2.785  -0.001
    O      -2.285  -3.497  -0.001
    C      -1.229  -1.385  -0.000
    C      -0.008  -0.700  -0.000
    C       2.416  -0.729  -0.000
    C       2.433   0.671  -0.000
    C       1.229   1.385  -0.000
    C       0.008   0.700  -0.000
    C      -2.433  -0.671  -0.001
    C      -2.416   0.729  -0.000
    C      -1.196   1.414  -0.000
    C      -1.179   2.814   0.001
    N       0.042   3.500   0.001
    C       1.246   2.785   0.001
    C      -1.280  -5.725  -0.001
    C      -1.297  -7.125  -0.001
    C       1.128  -7.154  -0.001
    C       1.144  -5.754  -0.001
    C      -0.060  -5.040  -0.001
    C       1.280   5.725   0.001
    C       1.297   7.125   0.002
    C      -1.128   7.154   0.002
    C      -1.144   5.754   0.001
    C       0.060   5.039   0.001
    O      -2.201   3.551   0.001
    O       2.285   3.497   0.001
    C      -0.093  -7.839  -0.001
    H       2.291   7.683   0.002
    H       3.427   1.229   0.001
    H       2.261   5.144   0.001
    H       3.397  -1.310  -0.000
    H       2.108  -7.736  -0.001
    H       2.138  -5.196  -0.001
    H      -2.291  -7.683  -0.001
    H      -2.261  -5.144  -0.001
    H      -2.138   5.196   0.001
    H      -2.108   7.735   0.002
metallic:
    H      -3.397   1.310  -0.000
    H      -3.427  -1.229  -0.001
    N       0.093   7.839   0.002
    C       1.196  -1.414  -0.000
    C       1.179  -2.814  -0.001
    O       2.201  -3.551  -0.001
    N      -0.042  -3.500  -0.001
    C      -1.246  -2.785  -0.001
    O      -2.285  -3.497  -0.001
    C      -1.229  -1.385  -0.000
    C      -0.008  -0.700  -0.000
    C       2.416  -0.729  -0.000
    C       2.433   0.671  -0.000
    C       1.229   1.385  -0.000
    C       0.008   0.700  -0.000
    C      -2.433  -0.671  -0.001
    C      -2.416   0.729  -0.000
    C      -1.196   1.414  -0.000
    C      -1.179   2.814   0.001
    N       0.042   3.500   0.001
    C       1.246   2.785   0.001
    C      -1.280  -5.725  -0.001
    C      -1.297  -7.125  -0.001
    C       1.128  -7.154  -0.001
    C       1.144  -5.754  -0.001
    C      -0.060  -5.040  -0.001
    C       1.280   5.725   0.001
    C       1.297   7.125   0.002
    C      -1.128   7.154   0.002
    C      -1.144   5.754   0.001
    C       0.060   5.039   0.001
    O      -2.201   3.551   0.001
    O       2.285   3.497   0.001
    N      -0.093  -7.839  -0.001
    H       2.291   7.683   0.002
    H       3.427   1.229   0.001
    H       2.261   5.144   0.001
    H       3.397  -1.310  -0.000
    H       2.108  -7.736  -0.001
    H       2.138  -5.196  -0.001
    H      -2.291  -7.683  -0.001
    H      -2.261  -5.144  -0.001
    H      -2.138   5.196   0.001
    H      -2.108   7.735   0.002
[connectivity]
nbo:
    1       0.064   8.586   0.065       0.008   0.999   0.031       0.998  -0.007  -0.055
    1      -0.064  -8.591  -0.064      -0.005  -0.999   0.063      -0.030  -0.064  -0.997
pcu:
    1       0.102   8.588   0.002       0.012   1.001   0.000       0.000   0.000   1.000
    1      -0.102  -8.588  -0.002      -0.012  -1.001   0.000       0.000   0.000  -0.999
metallic:
    1       0.105   8.839   0.002       0.012   1.001   0.000       0.000   0.000   1.000
    1      -0.105  -8.839  -0.002      -0.012  -1.001   0.000       0.000   0.000  -0.999
[end]
[start]
[properties]
index = 35 
name = wilmer35
metal = False
[coordinates]
default:
    C      -5.011  -0.605   0.000
    O      -5.856  -1.540   0.001
    N      -5.558   0.684   0.000
    C      -4.715   1.802   0.000
    C      -7.633   2.161   0.000
    C      -9.023   2.332   0.000
    C      -9.319  -0.075   0.001
    C      -7.929  -0.246   0.000
    C      -7.087   0.872   0.000
    C      -2.779   0.342   0.000
    C      -3.622  -0.776   0.000
    C      -3.075  -2.065   0.000
    C      -3.326   1.630   0.000
    C      -9.866   1.214   0.000
    H     -10.005  -0.985   0.001
    H      -7.484  -1.296   0.000
    H      -3.761  -2.975   0.000
    C       9.865  -1.213  -0.001
    C       0.547  -1.289   0.000
    C       0.843   1.118   0.000
    C       1.389  -0.171   0.000
    C       1.093  -2.578   0.000
    C       2.483  -2.749   0.000
    C       3.326  -1.631   0.000
    C       2.779  -0.342   0.000
    C       3.622   0.776   0.000
    C       5.011   0.605   0.000
    N       5.558  -0.684   0.000
    C       4.715  -1.802   0.000
    C       7.633  -2.160  -0.001
    C       9.023  -2.331  -0.001
    C       9.319   0.075  -0.001
    C       7.929   0.246  -0.001
    C       7.086  -0.872  -0.001
    O       5.308  -2.913   0.000
    C      -0.843  -1.118   0.000
    C      -1.389   0.171   0.000
    C      -0.547   1.289   0.000
    C      -1.685  -2.236   0.000
    H       9.468  -3.381  -0.001
    H       6.947  -3.071  -0.001
    H       2.928  -3.798   0.000
    H       0.407  -3.488   0.000
    H      -1.240  -3.285   0.000
    O      -5.308   2.914   0.000
    C      -2.483   2.748   0.000
    H      -9.468   3.381   0.000
    H      -6.947   3.071   0.000
    H      -2.928   3.798   0.000
    C       1.686   2.236   0.000
    C       3.075   2.065   0.000
    O       5.857   1.539  -0.001
    C      -1.093   2.578   0.000
    H       1.241   3.285   0.000
    H      10.005   0.986  -0.001
    H       3.761   2.975   0.000
    H       7.484   1.296  -0.001
    H      -0.407   3.488   0.000
metallic:
    C      -5.011  -0.605   0.000
    O      -5.856  -1.540   0.001
    N      -5.558   0.684   0.000
    C      -4.715   1.802   0.000
    C      -7.633   2.161   0.000
    C      -9.023   2.332   0.000
    C      -9.319  -0.075   0.001
    C      -7.929  -0.246   0.000
    C      -7.087   0.872   0.000
    C      -2.779   0.342   0.000
    C      -3.622  -0.776   0.000
    C      -3.075  -2.065   0.000
    C      -3.326   1.630   0.000
    N      -9.866   1.214   0.000
    H     -10.005  -0.985   0.001
    H      -7.484  -1.296   0.000
    H      -3.761  -2.975   0.000
    N       9.865  -1.213  -0.001
    C       0.547  -1.289   0.000
    C       0.843   1.118   0.000
    C       1.389  -0.171   0.000
    C       1.093  -2.578   0.000
    C       2.483  -2.749   0.000
    C       3.326  -1.631   0.000
    C       2.779  -0.342   0.000
    C       3.622   0.776   0.000
    C       5.011   0.605   0.000
    N       5.558  -0.684   0.000
    C       4.715  -1.802   0.000
    C       7.633  -2.160  -0.001
    C       9.023  -2.331  -0.001
    C       9.319   0.075  -0.001
    C       7.929   0.246  -0.001
    C       7.086  -0.872  -0.001
    O       5.308  -2.913   0.000
    C      -0.843  -1.118   0.000
    C      -1.389   0.171   0.000
    C      -0.547   1.289   0.000
    C      -1.685  -2.236   0.000
    H       9.468  -3.381  -0.001
    H       6.947  -3.071  -0.001
    H       2.928  -3.798   0.000
    H       0.407  -3.488   0.000
    H      -1.240  -3.285   0.000
    O      -5.308   2.914   0.000
    C      -2.483   2.748   0.000
    H      -9.468   3.381   0.000
    H      -6.947   3.071   0.000
    H      -2.928   3.798   0.000
    C       1.686   2.236   0.000
    C       3.075   2.065   0.000
    O       5.857   1.539  -0.001
    C      -1.093   2.578   0.000
    H       1.241   3.285   0.000
    H      10.005   0.986  -0.001
    H       3.761   2.975   0.000
    H       7.484   1.296  -0.001
    H      -0.407   3.488   0.000
[connectivity]
nbo:
    1     -10.601   1.361   0.014      -0.992   0.128   0.028       0.128   0.991   0.001
    1      10.600  -1.388  -0.082       0.989  -0.129   0.066       0.069   0.018  -0.997
pcu:
    1     -10.609   1.305   0.001      -0.993   0.122   0.000       0.000   0.000   0.999
    1      10.609  -1.305  -0.001       0.993  -0.122   0.000       0.000   0.000  -1.000
metallic:
    1     -10.858   1.336   0.001      -0.993   0.122   0.000       0.000   0.000   0.999
    1      10.858  -1.336  -0.001       0.993  -0.122   0.000       0.000   0.000  -1.000
[end]
